4
5.5
7
8.5
10
11.5
13
14.5
16
17.5
19
20.5
22
23.5
25
26.5
28
29.5
31
32.5
34
35.5
37
38.5
40
41.5
43
44.5
46
47.5
49
50.5
52
53.5
55
56.5
58
59.5
61
62.5
64
65.5
67
68.5
70
71.5
73
74.5
76
77.5
79
80.5
82
83.5
85
86.5
88
89.5
91
92.5
94
95.5
97
98.5
100
101.5
103
104.5
106
107.5
109
110.5
112
113.5
115
116.5
118
119.5
121
122.5
124
125.5
127
128.5
130
131.5
133
134.5
136
137.5
139
140.5
142
143.5
145
146.5
148
149.5
151
152.5
154
155.5
157
158.5
160
161.5
163
164.5
166
167.5
169
170.5
172
173.5
175
176.5
178
179.5
181
182.5
184
185.5
187
188.5
190
191.5
193
194.5
196
197.5
199
200.5
202
203.5
205
206.5
208
209.5
211
212.5
214
215.5
217
218.5
220
221.5
223
224.5
226
227.5
229
230.5
232
233.5
235
236.5
238
239.5
241
242.5
244
245.5
247
248.5
250
251.5
253
254.5
256
257.5
259
260.5
262
263.5
265
266.5
268
269.5
271
272.5
274
275.5
277
278.5
280
281.5
283
284.5
286
287.5
289
290.5
292
293.5
295
296.5
298
299.5
301
302.5
304
305.5
307
308.5
310
311.5
313
314.5
316
317.5
319
320.5
322
323.5
325
326.5
328
329.5
331
332.5
334
335.5
337
338.5
340
341.5
343
344.5
346
347.5
349
350.5
352
353.5
355
356.5
358
35.8
37.3
38.8
40.3
41.8
43.3
44.8
46.3
47.8
49.3
50.8
52.3
53.8
55.3
56.8
58.3
59.8
61.3
62.8
64.3
65.8
67.3
68.8
70.3
71.8
73.3
74.8
76.3
77.8
79.3
80.8
82.3
83.8
85.3
86.8
88.3
89.8
91.3
92.8
94.3
95.8
97.3
98.8
100.3
101.8
103.3
104.8
106.3
107.8
109.3
110.8
112.3
113.8
115.3
116.8
118.3
119.8
121.3
122.8
124.3
125.8
127.3
128.8
130.3
131.8
133.3
134.8
136.3
137.8
139.3
140.8
142.3
143.8
145.3
146.8
148.3
149.8
151.3
152.8
154.3
155.8
157.3
158.8
160.3
161.8
163.3
164.8
166.3
167.8
169.3
170.8
172.3
173.8
175.3
17.53
19.03
20.53
22.03
23.53
25.03
26.53
28.03
29.53
31.03
32.53
34.03
35.53
37.03
38.53
40.03
41.53
43.03
44.53
46.03
47.53
49.03
50.53
52.03
5.203
6.703
8.203
9.703
11.203
12.703
14.203
15.703
17.203
18.703
20.203
21.703
23.203
24.703
26.203
26.2221
26.2411
26.2602
26.2792
26.2983
26.3173
26.3363
26.3553
26.3742
26.3932
26.4121
26.4311
26.45
26.4689
26.4878
26.5067
26.5255
26.5444
26.5632
26.582
26.6008
26.6196
26.6384
26.6572
26.6759
26.6947
26.7134
26.7321
26.7508
26.7695
26.7882
26.8069
26.8255
26.8442
26.8628
26.8814
26.9
26.9186
26.9372
26.9557
26.9743
26.9928
27.0113
27.0298
27.0483
27.0668
27.0853
27.1038
27.1222
27.1406
27.1591
27.1775
27.1959
27.2143
27.2326
27.251
27.2693
27.2877
27.306
27.3243
27.3426
27.3609
27.3792
27.3974
27.4157
27.4339
27.4521
27.4704
27.4886
27.5068
27.5249
27.5431
27.5612
27.5794
27.5975
27.6156
27.6337
27.6518
27.6699
27.688
27.706
27.7241
27.7421
27.7602
27.7782
27.7962
27.8142
27.8321
27.8501
27.868
27.886
27.9039
27.9218
27.9397
27.9576
27.9755
27.9934
28.0113
28.0291
28.0469
28.0648
28.0826
28.1004
28.1182
28.136
28.1537
28.1715
28.1892
28.207
28.2247
28.2424
28.2601
28.2778
28.2955
28.3132
28.3308
28.3485
28.3661
28.3837
28.4014
28.419
28.4366
28.4541
28.4717
28.4893
28.5068
28.5244
28.5419
28.5594
28.5769
28.5944
28.6119
28.6294
28.6468
28.6643
28.6817
28.6992
28.7166
28.734
28.7514
28.7688
28.7862
28.8036
28.8209
28.8383
28.8556
28.8729
28.8902
28.9075
28.9248
28.9421
28.9594
28.9767
28.9939
29.0112
29.0284
29.0456
29.0628
29.0801
29.0972
29.1144
29.1316
29.1488
29.1659
29.1831
29.2002
29.2173
29.2344
29.2515
29.2686
29.2857
29.3028
29.3198
29.3369
29.3539
29.371
29.388
29.405
29.422
29.439
29.456
29.473
2.9473
4.4473
5.9473
7.4473
8.9473
10.4473
11.9473
13.4473
14.9473
14.9807
15.0141
15.0474
15.0807
1.50807
3.00807
4.50807
6.00807
7.50807
9.00807
9.06357
9.11874
9.17357
9.22807
9.28226
9.33612
9.38968
9.44293
9.49588
9.54853
9.6009
9.65297
9.70477
9.75629
9.80754
9.85852
9.90924
9.9597
10.0099
10.0599
10.1096
10.159
10.2082
10.2572
10.306
10.3545
10.4028
10.4508
10.4987
10.5463
10.5937
10.6409
10.6879
10.7347
10.7812
10.8276
10.8738
10.9198
10.9656
11.0112
11.0566
11.1018
11.1468
11.1917
11.2364
11.2809
11.3252
11.3693
11.4133
11.4571
11.5008
11.5442
11.5876
11.6307
11.6737
11.7165
11.7592
11.8017
11.8441
11.8863
11.9284
11.9703
12.0121
12.0537
12.0952
12.1365
12.1777
12.2188
12.2597
12.3005
12.3411
12.3816
12.422
12.4623
12.5024
12.5424
12.5822
12.622
12.6616
12.7011
12.7404
12.7797
12.8188
12.8578
12.8967
12.9355
12.9741
13.0127
13.0511
13.0894
13.1276
13.1657
13.2037
13.2415
13.2793
13.3169
13.3545
13.3919
13.4293
13.4665
13.5036
13.5407
13.5776
13.6144
13.6511
13.6878
13.7243
13.7607
13.7971
13.8333
13.8694
13.9055
13.9415
13.9773
1.39773
2.89773
4.39773
5.89773
7.39773
7.46532
7.5323
7.59868
7.66448
7.72971
1
2.5
4
4.125
4.24621
4.36396
4.47854
4.59018
4.69911
4.80551
4.90956
5.0114
5.11118
5.209
5.30499
5.39924
5.49184
5.58289
5.67245
5.76059
5.84739
5.9329
6.01717
6.10027
6.18223
6.26311
6.34294
6.42177
6.49963
6.57656
6.65259
6.72774
6.80206
6.87557
6.94829
7.02025
7.09147
7.16198
7.23179
7.30093
7.36942
7.43727
7.5045
7.57112
7.63716
7.70263
7.76754
7.83191
7.89576
1
2.5
4
4.125
4.24621
4.36396
4.47854
4.59018
4.69911
4.80551
4.90956
5.0114
5.11118
5.209
5.30499
5.39924
5.49184
5.58289
5.67245
5.76059
5.84739
5.9329
6.01717
6.10027
6.18223
6.26311
6.34294
6.42177
6.49963
6.57656
6.65259
6.72774
6.80206
6.87557
6.94829
7.02025
7.09147
7.16198
7.23179
7.30093
7.36942
7.43727
7.5045
7.57112
7.63716
7.70263
7.76754
7.83191
7.89576
7.95908
8.0219
8.08423
8.14608
8.20746
8.26838
8.32885
8.38888
8.44849
8.50767
8.56644
8.62481
8.68278
8.74036
8.79757
8.8544
8.91087
8.96698
9.02274
9.07816
9.13324
9.18798
9.2424
9.2965
9.35028
9.40376
9.45693
9.5098
9.56238
9.61466
9.66667
9.71839
9.76984
9.82102
9.87193
9.92258
9.97297
10.0231
10.073
10.1226
10.172
10.2212
10.2701
10.3188
10.3672
10.4155
10.4635
10.5113
10.5588
10.6062
10.6533
10.7003
10.747
10.7935
10.8398
10.886
10.9319
10.9776
11.0232
11.0685
11.1137
11.1587
11.2035
11.2481
11.2926
11.3369
11.381
11.4249
11.4687
11.5123
11.5557
11.599
11.6421
11.685
11.7278
11.7704
11.8129
11.8552
11.8974
11.9394
11.9813
12.0231
12.0646
12.1061
12.1474
12.1885
12.2296
12.2705
12.3112
12.3518
12.3923
12.4326
12.4729
12.5129
12.5529
12.5927
12.6324
12.672
12.7115
12.7508
12.79
12.8291
12.8681
12.9069
12.9457
12.9843
13.0228
13.0612
13.0995
13.1377
13.1757
13.2137
13.2515
13.2892
13.3269
13.3644
13.4018
13.4391
13.4763
13.5134
13.5504
13.5873
13.6241
13.6608
13.6974
13.7339
13.7703
13.8066
13.8428
13.879
13.915
13.9509
13.9868
14.0225
14.0582
14.0937
14.1292
14.1646
14.1999
14.2351
14.2702
14.3053
14.3402
14.3751
14.4099
14.4446
14.4792
14.5137
14.5482
14.5825
14.6168
14.651
1.4651
2.9651
4.4651
5.9651
7.4651
7.53208
7.59846
7.66427
7.7295
7.79419
7.85834
7.92197
7.98508
8.0477
8.10983
8.17148
8.23267
8.29341
8.3537
8.41355
8.47298
8.53199
8.59059
8.64879
8.70661
8.76403
8.82109
8.87777
8.93409
8.99005
9.04567
9.10095
9.15588
9.21049
9.26478
9.31875
9.3724
9.42575
9.4788
9.53155
9.584
9.63617
9.68806
9.73967
9.79101
9.84208
9.89288
9.94342
9.9937
10.0437
10.0935
10.1431
10.1923
10.2414
10.2902
10.3388
10.3872
10.4353
10.4832
10.5309
10.5784
10.6257
10.6727
10.7196
10.7662
10.8127
10.8589
10.9049
10.9508
10.9965
11.0419
11.0872
11.1323
11.1772
11.222
11.2665
11.3109
11.3551
11.3991
11.443
11.4867
11.5302
11.5736
11.6168
11.6598
11.7027
11.7454
11.788
11.8304
11.8727
11.9148
11.9568
11.9986
12.0402
12.0818
12.1232
12.1644
12.2055
12.2465
12.2873
12.328
12.3685
12.409
12.4493
12.4894
12.5295
12.5694
12.6091
12.6488
12.6883
12.7277
12.767
12.8062
12.8452
12.8842
12.923
12.9617
13.0002
13.0387
13.077
13.1153
13.1534
13.1914
13.2293
13.2671
13.3048
13.3424
13.3798
13.4172
13.4545
13.4916
13.5287
13.5657
13.6025
13.6393
13.6759
13.7125
13.749
13.7853
13.8216
13.8578
13.8939
13.9298
13.9657
14.0015
14.0372
14.0729
14.1084
14.1438
14.1792
14.2145
14.2496
14.2847
14.3197
14.3546
14.3895
14.4242
14.4589
14.4935
14.528
14.5624
14.5967
14.631
14.6651
14.6992
14.7332
14.7672
14.801
14.8348
14.8685
14.9022
14.9357
14.9692
15.0026
15.0359
15.0692
15.1023
15.1355
15.1685
15.2015
15.2343
15.2672
15.2999
15.3326
15.3652
15.3977
15.4302
15.4626
15.495
15.5272
15.5594
15.5916
15.6236
15.6556
15.6876
15.7194
15.7513
15.783
15.8147
15.8463
15.8778
15.9093
15.9408
15.9721
16.0034
16.0347
16.0659
16.097
16.128
16.159
16.19
16.2209
16.2517
16.2825
16.3132
16.3438
16.3744
16.4049
16.4354
16.4658
16.4962
16.5265
16.5568
16.587
16.6171
16.6472
16.6772
16.7072
16.7372
16.767
16.7968
16.8266
16.8563
16.886
16.9156
16.9452
16.9747
17.0041
17.0335
17.0629
17.0922
17.1214
17.1506
17.1798
17.2089
17.238
17.267
17.2959
17.3248
17.3537
17.3825
17.4113
17.44
17.4687
17.4973
17.5258
17.5544
17.5829
17.6113
17.6397
1.76397
3.26397
4.76397
6.26397
7.76397
9.26397
9.31794
9.3716
9.42495
9.478
9.53076
9.58322
9.63539
9.68729
9.7389
9.79024
9.84131
9.89212
9.94266
9.99295
10.043
10.0928
10.1423
10.1916
10.2407
10.2895
10.3381
10.3865
10.4346
10.4825
10.5302
10.5777
10.625
10.672
10.7189
10.7655
10.812
10.8582
10.9043
10.9501
10.9958
11.0412
11.0865
11.1316
11.1765
11.2213
11.2658
11.3102
11.3544
11.3985
11.4423
11.486
11.5296
11.5729
11.6161
11.6592
11.7021
11.7448
11.7874
11.8298
11.872
11.9142
11.9561
11.9979
12.0396
12.0811
12.1225
1.21225
2.71225
4.21225
5.71225
7.21225
7.28158
7.35025
7.41827
7.48567
7.55247
7.61867
7.6843
7.74937
7.81389
7.87788
7.94135
8.00431
8.06677
1
2.5
4
5.5
5.59091
5.68034
5.76836
5.85504
5.94044
6.02461
6.1076
6.18947
6.27025
6.34999
6.42873
6.50651
6.58335
6.6593
6.73438
6.80863
6.88207
6.95472
1
2.5
4
4.125
4.24621
4.36396
4.47854
4.59018
4.69911
4.80551
4.90956
5.0114
5.11118
5.209
5.30499
5.39924
5.49184
5.58289
5.67245
5.76059
5.84739
5.9329
6.01717
6.10027
6.18223
6.26311
6.34294
6.42177
6.49963
6.57656
6.65259
6.72774
6.80206
6.87557
6.94829
7.02025
7.09147
7.16198
7.23179
7.30093
7.36942
7.43727
7.5045
7.57112
7.63716
7.70263
7.76754
7.83191
7.89576
7.95908
8.0219
8.08423
8.14608
8.20746
8.26838
8.32885
8.38888
8.44849
8.50767
8.56644
8.62481
8.68278
8.74036
8.79757
8.8544
8.91087
8.96698
9.02274
9.07816
9.13324
9.18798
9.2424
9.2965
9.35028
9.40376
9.45693
9.5098
9.56238
9.61466
9.66667
9.71839
9.76984
9.82102
9.87193
9.92258
9.97297
10.0231
10.073
10.1226
10.172
10.2212
10.2701
10.3188
10.3672
10.4155
10.4635
10.5113
10.5588
10.6062
10.6533
10.7003
10.747
10.7935
10.8398
10.886
10.9319
10.9776
11.0232
11.0685
11.1137
11.1587
11.2035
11.2481
11.2926
11.3369
11.381
11.4249
11.4687
11.5123
11.5557
11.599
11.6421
11.685
11.7278
11.7704
11.8129
11.8552
11.8974
11.9394
11.9813
12.0231
12.0646
12.1061
12.1474
12.1885
12.2296
12.2705
12.3112
12.3518
12.3923
12.4326
12.4729
12.5129
12.5529
12.5927
12.6324
12.672
12.7115
12.7508
12.79
12.8291
12.8681
12.9069
12.9457
12.9843
13.0228
13.0612
13.0995
13.1377
13.1757
13.2137
13.2515
13.2892
13.3269
13.3644
13.4018
13.4391
13.4763
13.5134
13.5504
13.5873
13.6241
13.6608
13.6974
13.7339
13.7703
13.8066
13.8428
13.879
13.915
13.9509
13.9868
14.0225
14.0582
14.0937
14.1292
14.1646
14.1999
14.2351
14.2702
14.3053
14.3402
14.3751
14.4099
14.4446
14.4792
14.5137
14.5482
14.5825
14.6168
14.651
14.6852
14.7192
14.7532
14.7871
14.8209
14.8546
14.8883
14.9219
14.9554
14.9888
15.0222
15.0554
15.0887
15.1218
15.1549
15.1878
15.2208
15.2536
15.2864
15.3191
15.3517
15.3843
15.4168
15.4493
15.4816
15.5139
15.5461
15.5783
15.6104
15.6424
15.6744
1.56744
3.06744
4.56744
6.06744
7.56744
9.06744
9.12258
9.17739
9.23187
9.28603
9.33988
9.39341
9.44664
9.49957
9.5522
9.60455
9.65661
9.70838
9.75988
9.81112
9.86208
9.91278
9.96322
10.0134
10.0633
10.113
10.1625
10.2117
10.2606
10.3094
10.3579
10.4061
10.4542
10.502
10.5496
10.597
10.6442
10.6912
10.7379
10.7845
10.8309
10.877
10.923
10.9688
11.0144
11.0597
11.105
11.15
1.115
2.615
4.115
5.615
5.70405
5.7917
5.87803
5.9631
6.04694
6.12963
6.2112
6.2917
6.37117
6.44965
6.52717
6.60378
6.67949
6.75435
6.82837
6.9016
6.97404
7.04574
7.1167
7.18696
7.25653
7.32543
7.39369
7.46131
7.52833
7.59474
7.66058
7.72585
7.79056
7.85475
1
2.5
4
4.125
4.24621
4.36396
4.47854
4.59018
4.69911
4.80551
4.90956
5.0114
5.11118
5.209
5.30499
5.39924
5.49184
5.58289
5.67245
5.76059
5.84739
5.9329
6.01717
6.10027
6.18223
6.26311
6.34294
6.42177
6.49963
6.57656
6.65259
6.72774
6.80206
6.87557
6.94829
7.02025
7.09147
7.16198
7.23179
7.30093
7.36942
7.43727
7.5045
7.57112
7.63716
7.70263
7.76754
7.83191
7.89576
7.95908
8.0219
8.08423
8.14608
8.20746
8.26838
8.32885
8.38888
8.44849
8.50767
8.56644
8.62481
8.68278
8.74036
8.79757
8.8544
8.91087
8.96698
9.02274
9.07816
9.13324
9.18798
9.2424
9.2965
9.35028
9.40376
9.45693
9.5098
9.56238
9.61466
9.66667
9.71839
9.76984
9.82102
9.87193
9.92258
9.97297
10.0231
10.073
10.1226
10.172
10.2212
10.2701
10.3188
10.3672
10.4155
10.4635
10.5113
10.5588
10.6062
10.6533
10.7003
10.747
10.7935
10.8398
10.886
10.9319
10.9776
11.0232
11.0685
11.1137
11.1587
11.2035
11.2481
11.2926
11.3369
11.381
11.4249
11.4687
11.5123
11.5557
11.599
11.6421
11.685
11.7278
11.7704
11.8129
11.8552
11.8974
11.9394
11.9813
12.0231
12.0646
12.1061
12.1474
12.1885
12.2296
12.2705
12.3112
12.3518
12.3923
12.4326
12.4729
12.5129
12.5529
12.5927
12.6324
12.672
12.7115
12.7508
12.79
12.8291
12.8681
12.9069
12.9457
12.9843
13.0228
13.0612
13.0995
13.1377
13.1757
13.2137
13.2515
13.2892
13.3269
13.3644
13.4018
13.4391
13.4763
13.5134
13.5504
13.5873
13.6241
1.36241
2.86241
4.36241
5.86241
7.36241
7.43032
7.49762
7.5643
7.6304
7.69593
7.7609
7.82533
7.88922
7.9526
8.01547
8.07785
8.13975
8.20117
1
2.5
4
5.5
5.59091
5.68034
5.76836
5.85504
5.94044
6.02461
6.1076
6.18947
6.27025
6.34999
6.42873
6.50651
6.58335
6.6593
6.73438
6.80863
6.88207
6.95472
7.02661
7.09777
7.16822
7.23797
7.30705
7.37548
7.44327
7.51044
7.57702
7.64301
7.70842
7.77329
7.83761
7.90141
7.96469
8.02746
8.08975
8.15156
8.21289
8.27377
8.33421
8.3942
8.45376
8.51291
8.57164
8.62998
8.68791
8.74546
8.80264
8.85944
8.91588
8.97196
9.02768
9.08307
9.13812
9.19283
9.24722
9.30129
9.35505
9.4085
9.46164
9.51448
9.56704
9.6193
9.67128
9.72298
9.7744
9.82556
9.87644
9.92707
9.97744
10.0275
10.0774
10.127
10.1764
10.2255
10.2744
10.3231
10.3715
10.4197
10.4677
10.5155
10.563
10.6104
10.6575
10.7044
10.7511
10.7976
10.8439
10.89
10.936
10.9817
11.0272
11.0726
11.1177
11.1627
11.2075
11.2521
1.12521
2.62521
4.12521
5.62521
7.12521
7.19538
7.26487
7.3337
7.40187
7.46942
7.53636
7.60271
7.66848
7.73368
7.79833
7.86245
7.92604
7.98912
8.05171
8.11381
8.17543
8.23659
8.29729
8.35755
8.41738
8.47678
8.53577
8.59434
8.65252
1
2.5
4
5.5
5.59091
5.68034
5.76836
5.85504
5.94044
6.02461
6.1076
6.18947
6.27025
6.34999
6.42873
6.50651
6.58335
6.6593
6.73438
6.80863
6.88207
6.95472
7.02661
7.09777
7.16822
7.23797
7.30705
7.37548
7.44327
7.51044
7.57702
7.64301
7.70842
7.77329
7.83761
7.90141
7.96469
8.02746
8.08975
8.15156
8.21289
8.27377
8.33421
8.3942
8.45376
8.51291
8.57164
8.62998
8.68791
8.74546
8.80264
8.85944
8.91588
8.97196
9.02768
9.08307
9.13812
9.19283
9.24722
9.30129
9.35505
9.4085
9.46164
9.51448
9.56704
9.6193
9.67128
9.72298
9.7744
9.82556
9.87644
9.92707
9.97744
10.0275
10.0774
10.127
10.1764
10.2255
10.2744
10.3231
10.3715
10.4197
10.4677
10.5155
10.563
10.6104
10.6575
10.7044
10.7511
1.07511
2.57511
4.07511
5.57511
5.6648
5.75306
5.83997
5.92559
6.00997
6.09316
6.17522
6.25619
6.33611
6.41502
6.49297
6.56997
6.64608
6.72131
6.7957
6.86928
6.94206
7.01409
7.08537
7.15594
7.22581
7.29501
7.36355
7.43145
7.49873
7.56541
7.6315
7.69702
7.76198
7.8264
7.89028
7.95365
8.01652
8.07889
8.14078
8.2022
8.26316
8.32366
8.38373
8.44337
8.50259
8.5614
8.6198
8.6778
8.73542
8.79266
8.84953
8.90603
8.96217
9.01796
9.0734
9.12851
9.18328
9.23773
9.29186
9.34567
9.39917
9.45236
9.50526
9.55786
9.61018
9.6622
9.71395
9.76542
9.81663
9.86756
9.91823
9.96864
10.0188
10.0687
10.1184
10.1678
10.217
10.2659
10.3146
10.3631
10.4113
10.4593
10.5072
10.5547
10.6021
10.6493
10.6962
10.743
10.7895
10.8358
10.882
10.9279
10.9737
11.0193
11.0646
11.1098
11.1548
11.1997
11.2443
11.2888
11.3331
11.3772
11.4211
11.4649
11.5085
11.552
11.5952
11.6384
11.6813
11.7241
11.7668
11.8093
11.8516
11.8938
11.9358
11.9777
12.0195
12.0611
12.1025
12.1438
12.185
12.226
12.2669
12.3077
12.3483
12.3888
12.4292
12.4694
12.5095
12.5495
12.5893
12.629
12.6686
12.7081
12.7474
12.7867
12.8258
12.8647
12.9036
12.9424
12.981
13.0195
13.0579
13.0962
13.1344
13.1725
13.2104
13.2483
13.286
13.3236
13.3612
13.3986
13.4359
13.4731
13.5102
13.5472
13.5841
13.6209
13.6577
13.6943
13.7308
13.7672
13.8035
13.8397
13.8759
13.9119
13.9478
13.9837
14.0194
14.0551
14.0907
14.1262
14.1616
14.1969
14.2321
14.2672
14.3023
14.3372
14.3721
14.4069
14.4416
14.4762
14.5108
14.5452
14.5796
14.6139
14.6481
14.6822
14.7163
14.7503
14.7842
14.818
14.8517
14.8854
14.919
14.9525
14.9859
15.0193
15.0526
15.0858
15.1189
15.152
15.185
15.2179
15.2508
15.2836
15.3163
15.3489
15.3815
15.414
15.4465
15.4788
15.5111
15.5434
15.5755
15.6076
15.6397
15.6716
15.7035
15.7354
15.7672
1.57672
3.07672
4.57672
6.07672
7.57672
9.07672
9.1318
9.18656
9.24098
9.29509
9.34888
9.40236
9.45554
9.50842
9.56101
9.6133
9.66531
9.71704
9.7685
9.81969
9.8706
9.92126
9.97166
10.0218
10.0717
10.1213
10.1707
10.2199
10.2688
10.3175
10.366
10.4142
10.4622
10.51
10.5576
10.6049
10.6521
10.699
10.7458
10.7923
10.8386
10.8848
10.9307
10.9764
11.022
11.0673
11.1125
11.1575
11.2023
11.247
11.2914
11.3357
11.3798
11.4237
11.4675
11.5111
11.5546
11.5978
11.6409
11.6839
11.7267
11.7693
11.8118
11.8541
11.8963
11.9383
11.9802
12.022
12.0636
12.105
12.1463
12.1875
12.2285
12.2694
12.3101
12.3508
12.3912
12.4316
12.4718
12.5119
12.5519
12.5917
12.6314
12.671
12.7104
12.7498
12.789
12.8281
12.8671
12.9059
12.9447
12.9833
13.0218
13.0602
13.0985
13.1367
13.1747
13.2127
13.2505
13.2883
13.3259
13.3634
13.4008
13.4381
13.4753
13.5124
13.5494
13.5863
13.6232
13.6599
13.6965
13.733
13.7694
13.8057
13.8419
13.878
13.9141
13.95
13.9858
14.0216
14.0572
14.0928
14.1283
14.1637
14.199
14.2342
14.2693
14.3044
14.3393
14.3742
14.409
14.4437
14.4783
14.5128
14.5473
14.5816
14.6159
14.6501
14.6843
14.7183
14.7523
14.7862
14.82
14.8537
14.8874
14.921
14.9545
14.9879
15.0213
15.0546
15.0878
15.1209
15.154
15.187
15.2199
15.2528
15.2855
15.3183
15.3509
15.3835
15.416
15.4484
15.4808
15.5131
15.5453
15.5775
15.6096
15.6416
15.6736
15.7055
15.7373
15.7691
15.8008
15.8324
15.864
15.8955
15.927
15.9584
15.9897
16.021
16.0522
16.0833
16.1144
16.1454
16.1764
16.2073
16.2382
16.269
16.2997
16.3304
16.361
16.3915
16.4221
16.4525
16.4829
16.5132
16.5435
16.5737
16.6039
16.634
16.6641
16.6941
16.724
16.7539
16.7838
16.8136
16.8433
16.873
16.9026
16.9322
16.9617
16.9912
17.0206
17.05
17.0793
17.1086
17.1378
17.167
17.1961
17.2252
17.2542
17.2832
17.3121
17.341
17.3699
17.3986
17.4274
17.4561
17.4847
17.5133
17.5419
17.5704
17.5988
17.6272
17.6556
17.6839
17.7122
17.7404
17.7686
17.7967
17.8248
17.8529
17.8809
17.9089
17.9368
17.9647
17.9925
18.0203
18.048
18.0757
18.1034
18.131
18.1586
18.1861
18.2136
18.2411
18.2685
18.2958
18.3232
18.3505
18.3777
18.4049
18.4321
18.4592
18.4863
18.5133
18.5403
18.5673
18.5942
18.6211
18.648
18.6748
18.7016
18.7283
18.755
18.7817
18.8083
18.8349
18.8614
18.8879
18.9144
18.9408
18.9672
18.9936
19.0199
19.0462
19.0725
19.0987
19.1249
19.151
19.1771
19.2032
19.2292
19.2552
19.2812
19.3071
19.333
19.3589
19.3847
19.4105
19.4363
19.462
19.4877
19.5133
19.539
19.5645
19.5901
19.6156
19.6411
19.6666
19.692
19.7174
19.7427
19.7681
19.7934
19.8186
19.8439
19.869
19.8942
19.9193
19.9444
19.9695
19.9946
20.0196
20.0445
20.0695
20.0944
20.1193
20.1441
20.169
20.1937
20.2185
20.2432
20.2679
20.2926
20.3172
20.3419
20.3664
20.391
20.4155
20.44
20.4645
20.4889
20.5133
20.5377
20.562
20.5863
20.6106
20.6349
20.6591
20.6833
20.7075
20.7316
20.7557
20.7798
20.8039
20.8279
20.8519
20.8759
20.8999
20.9238
20.9477
20.9716
20.9954
21.0192
21.043
21.0668
21.0905
21.1142
21.1379
21.1615
21.1852
21.2088
21.2323
21.2559
21.2794
2.12794
3.62794
5.12794
6.62794
8.12794
9.62794
11.1279
11.1729
11.2176
11.2622
11.3066
11.3508
11.3949
11.4387
11.4825
11.526
11.5694
11.6126
11.6557
11.6986
11.7413
11.7839
11.8263
11.8686
11.9107
11.9527
11.9945
12.0362
12.0778
12.1192
12.1604
12.2015
12.2425
12.2833
12.3241
12.3646
12.4051
12.4454
12.4855
12.5256
12.5655
12.6053
12.645
12.6845
12.7239
12.7632
12.8024
12.8414
12.8804
12.9192
12.9579
12.9965
1.29965
2.79965
4.29965
5.79965
7.29965
7.36815
7.43601
7.50325
7.56988
7.63593
7.70141
7.76634
7.83072
7.89457
7.9579
8.02073
8.08307
8.14493
8.20632
8.26725
8.32773
8.38777
8.44738
8.50657
8.56535
8.62372
8.6817
8.73929
8.79651
8.85335
8.90982
8.96594
9.02171
9.07713
9.13221
9.18696
9.24139
9.29549
9.34928
9.40276
9.45594
9.50881
9.5614
9.61369
9.6657
9.71743
9.76888
9.82007
9.87098
9.92164
9.97203
10.0222
10.0721
10.1217
10.1711
10.2203
10.2692
10.3179
10.3663
10.4146
10.4626
10.5104
10.5579
10.6053
10.6524
10.6994
10.7461
10.7926
10.839
10.8851
10.931
10.9768
11.0223
11.0677
11.1129
11.1579
11.2027
11.2473
11.2918
11.336
11.3801
11.4241
11.4678
11.5114
11.5549
11.5982
11.6413
11.6842
11.727
11.7696
11.8121
11.8545
11.8966
11.9387
11.9805
12.0223
12.0639
12.1053
12.1466
12.1878
12.2288
12.2697
12.3104
12.3511
12.3915
12.4319
12.4721
12.5122
12.5522
12.592
12.6317
12.6713
12.7107
12.7501
12.7893
12.8284
12.8674
12.9062
12.945
12.9836
13.0221
13.0605
13.0988
13.137
13.175
13.213
13.2508
13.2885
13.3262
13.3637
13.4011
13.4384
13.4756
13.5127
13.5497
13.5866
13.6234
13.6601
13.6967
13.7332
13.7696
13.806
13.8422
13.8783
13.9143
13.9503
13.9861
14.0218
14.0575
14.0931
14.1286
14.1639
14.1992
14.2345
14.2696
14.3046
14.3396
14.3744
14.4092
14.4439
14.4785
14.5131
14.5475
14.5819
14.6162
14.6504
14.6845
14.7186
14.7525
14.7864
14.8203
14.854
14.8877
14.9212
14.9547
14.9882
15.0215
15.0548
15.088
15.1212
15.1542
15.1872
15.2202
15.253
15.2858
15.3185
15.3511
15.3837
15.4162
15.4486
15.481
15.5133
15.5455
15.5777
15.6098
15.6418
15.6738
15.7057
15.7375
15.7693
15.801
15.8327
15.8642
15.8958
15.9272
15.9586
15.9899
16.0212
16.0524
16.0836
16.1146
16.1457
16.1766
16.2075
16.2384
16.2692
16.2999
16.3306
16.3612
16.3918
16.4223
16.4527
16.4831
16.5134
16.5437
16.574
16.6041
16.6342
16.6643
16.6943
16.7242
16.7541
16.784
16.8138
16.8435
16.8732
16.9028
16.9324
16.9619
16.9914
17.0208
17.0502
17.0795
17.1088
17.138
17.1672
17.1963
17.2254
17.2544
17.2834
17.3124
17.3412
17.3701
17.3989
17.4276
17.4563
17.4849
17.5135
17.5421
17.5706
17.599
17.6274
17.6558
17.6841
17.7124
17.7406
17.7688
17.797
17.825
17.8531
17.8811
17.9091
17.937
17.9649
17.9927
18.0205
18.0482
18.0759
18.1036
18.1312
18.1588
18.1863
18.2138
1.82138
3.32138
4.82138
6.32138
7.82138
9.32138
9.37502
9.42835
9.48139
9.53412
9.58656
9.63872
9.69059
9.74219
9.79351
9.84457
9.89536
9.94589
9.99616
10.0462
10.0959
10.1455
10.1948
10.2438
10.2926
10.3412
10.3895
10.4377
10.4856
10.5333
10.5807
10.628
10.675
10.7219
10.7685
10.8149
10.8612
10.9072
10.953
