1
2.5
4
5.5
7
8.5
10
11.5
13
14.5
16
17.5
19
20.5
22
23.5
25
26.5
28
29.5
31
32.5
34
35.5
37
38.5
40
41.5
43
44.5
46
47.5
49
50.5
52
53.5
55
56.5
58
59.5
61
62.5
64
65.5
67
68.5
70
71.5
73
74.5
76
77.5
79
80.5
82
83.5
85
86.5
88
89.5
91
92.5
94
95.5
97
98.5
100
101.5
103
104.5
106
107.5
109
110.5
112
113.5
115
116.5
118
119.5
121
122.5
124
125.5
127
128.5
130
131.5
133
134.5
136
137.5
139
140.5
142
143.5
145
146.5
148
149.5
151
152.5
154
155.5
157
158.5
160
161.5
163
164.5
166
167.5
169
170.5
172
173.5
175
176.5
178
179.5
181
182.5
184
185.5
187
188.5
190
191.5
193
194.5
196
197.5
199
200.5
202
203.5
205
206.5
208
209.5
211
212.5
214
215.5
217
218.5
220
221.5
223
224.5
226
227.5
229
230.5
232
233.5
235
236.5
238
239.5
241
242.5
244
245.5
247
248.5
250
251.5
253
254.5
256
257.5
259
260.5
262
263.5
265
266.5
268
269.5
271
272.5
274
275.5
277
278.5
280
281.5
283
284.5
286
287.5
289
290.5
292
293.5
295
296.5
298
299.5
301
302.5
304
305.5
307
308.5
310
311.5
313
314.5
316
317.5
319
320.5
322
323.5
325
326.5
328
329.5
331
332.5
334
335.5
337
338.5
340
341.5
343
344.5
346
347.5
349
350.5
352
353.5
355
35.5
37
38.5
40
41.5
43
44.5
46
47.5
49
50.5
52
53.5
55
56.5
58
59.5
61
62.5
64
65.5
67
68.5
70
71.5
73
74.5
76
77.5
79
80.5
82
83.5
85
86.5
88
89.5
91
92.5
94
95.5
97
98.5
100
101.5
103
104.5
106
107.5
109
110.5
112
113.5
115
116.5
118
119.5
121
122.5
124
125.5
127
128.5
130
131.5
133
134.5
136
137.5
139
140.5
142
143.5
145
146.5
148
149.5
151
152.5
154
155.5
157
158.5
160
161.5
163
164.5
166
167.5
169
170.5
172
173.5
175
17.5
19
20.5
22
23.5
25
26.5
28
29.5
31
32.5
34
35.5
37
38.5
40
41.5
43
44.5
46
47.5
49
50.5
52
5.2
6.7
8.2
9.7
11.2
12.7
14.2
15.7
17.2
18.7
20.2
21.7
23.2
24.7
26.2
26.2382
26.2763
26.3143
26.3523
26.3903
26.4282
26.466
26.5038
26.5415
26.5792
26.6168
26.6544
26.6919
26.7294
26.7668
26.8042
26.8415
26.8787
26.9159
26.9531
26.9902
27.0272
27.0642
27.1012
27.1381
27.1749
27.2117
27.2485
27.2852
27.3218
27.3584
27.395
27.4315
27.4679
27.5043
27.5407
27.577
27.6133
27.6495
27.6856
27.7218
27.7578
27.7939
27.8298
27.8658
27.9017
27.9375
27.9733
28.009
28.0448
28.0804
28.116
28.1516
28.1871
28.2226
28.258
28.2934
28.3288
28.3641
28.3993
28.4345
28.4697
28.5048
28.5399
28.5749
28.6099
28.6449
28.6798
28.7147
28.7495
28.7843
28.819
28.8537
28.8884
28.923
28.9576
28.9921
29.0266
29.061
29.0954
29.1298
29.1641
29.1984
29.2327
29.2669
29.3011
29.3352
29.3693
29.4033
29.4373
29.4713
29.5052
29.5391
29.573
29.6068
29.6406
29.6743
29.708
29.7417
29.7753
29.8089
29.8424
29.8759
29.9094
29.9428
29.9762
30.0096
30.0429
30.0762
30.1095
30.1427
30.1758
30.209
30.2421
30.2751
30.3082
30.3412
30.3741
30.4071
30.4399
30.4728
30.5056
30.5384
30.5711
30.6038
30.6365
30.6692
30.7018
30.7343
30.7669
30.7994
30.8318
30.8643
30.8967
30.929
30.9614
30.9937
31.0259
31.0582
31.0904
31.1225
31.1547
31.1868
31.2188
31.2509
31.2829
31.3148
31.3468
31.3787
31.4105
31.4424
31.4742
31.5059
31.5377
31.5694
31.6011
31.6327
31.6643
31.6959
31.7275
31.759
31.7905
31.8219
31.8533
31.8847
31.9161
31.9474
31.9787
32.01
32.0412
32.0725
32.1036
32.1348
32.1659
32.197
32.228
32.2591
32.2901
32.321
32.352
32.3829
32.4138
3.24138
4.74138
6.24138
7.74138
9.24138
10.7414
12.2414
13.7414
15.2414
16.7414
16.8011
16.8606
16.9199
1.69199
3.19199
4.69199
6.19199
7.69199
9.19199
9.30078
9.4083
9.51459
9.61969
9.72365
9.82649
9.92825
10.029
10.1287
10.2274
10.3252
10.422
10.518
10.6131
10.7073
10.8007
10.8933
10.9851
11.0761
11.1664
11.2559
11.3448
11.4329
11.5204
11.6072
11.6934
11.7789
11.8638
11.9481
12.0318
12.1149
12.1974
12.2794
12.3608
12.4417
12.5221
12.602
12.6813
12.7602
12.8385
12.9164
12.9939
13.0708
13.1473
13.2234
13.299
13.3742
13.449
13.5233
13.5973
13.6708
13.744
13.8167
13.8891
13.9611
14.0327
14.104
14.1749
14.2454
14.3156
14.3855
14.455
14.5242
14.593
14.6616
14.7298
14.7977
14.8652
14.9325
14.9995
15.0661
15.1325
15.1986
15.2644
15.3299
15.3951
15.4601
15.5248
15.5892
15.6533
15.7172
15.7808
15.8442
15.9073
15.9702
16.0328
16.0952
16.1573
16.2192
16.2809
16.3423
16.4035
16.4644
16.5252
16.5857
16.646
16.7061
16.7659
16.8256
16.885
16.9442
17.0032
17.062
17.1207
17.1791
17.2373
17.2953
17.3531
17.4107
17.4682
17.5254
17.5825
17.6394
17.696
1.7696
3.2696
4.7696
6.2696
7.7696
9.2696
9.37748
9.48412
9.58956
9.69384
1
2.5
4
5.5
5.68182
5.85782
6.02853
6.19441
6.35584
6.51318
6.66671
6.81671
6.96341
7.10702
7.24773
7.3857
7.5211
7.65406
7.78471
7.91316
8.03953
8.16392
8.28641
8.40709
8.52604
8.64332
8.75902
8.87319
8.98589
9.09717
9.2071
9.31571
9.42305
9.52918
9.63412
9.73792
9.84061
9.94223
10.0428
10.1424
10.241
10.3386
10.4353
10.5312
10.6261
10.7202
10.8135
10.906
10.9977
1.09977
2.59977
4.09977
5.59977
5.77835
5.95141
6.11944
6.28285
6.44201
6.59724
6.74882
6.897
7.04199
7.18399
7.32319
7.45974
7.5938
7.72548
7.85492
7.98223
8.10751
8.23085
8.35235
8.47207
8.59011
8.70652
8.82138
8.93474
9.04666
9.1572
9.2664
9.37432
9.48099
9.58647
9.69078
9.79397
9.89608
9.99713
10.0972
10.1962
10.2943
10.3914
10.4876
10.583
10.6775
10.7711
10.864
10.956
11.0473
11.1378
11.2276
11.3167
11.405
11.4927
11.5797
11.6661
11.7518
11.8369
11.9214
12.0053
12.0886
12.1713
12.2534
12.3351
12.4161
12.4967
12.5767
12.6562
12.7352
12.8137
12.8918
12.9693
13.0464
13.1231
13.1993
13.2751
13.3504
13.4253
13.4998
13.5739
13.6475
13.7208
13.7937
13.8662
13.9383
14.01
14.0814
14.1524
14.2231
14.2934
14.3634
14.433
14.5023
14.5712
14.6399
14.7082
14.7762
14.8438
14.9112
14.9783
15.045
15.1115
15.1777
15.2436
15.3092
15.3745
15.4395
15.5043
15.5688
15.633
15.697
15.7607
15.8241
15.8873
15.9503
16.013
16.0754
16.1376
16.1996
16.2613
16.3228
16.3841
16.4451
16.5059
16.5665
16.6269
16.687
16.7469
16.8067
16.8662
16.9254
16.9845
17.0434
17.1021
17.1606
17.2188
17.2769
17.3348
17.3925
17.45
17.5073
17.5644
17.6213
17.6781
17.7346
17.791
17.8472
17.9033
17.9591
18.0148
18.0703
18.1257
18.1808
18.2358
18.2907
18.3453
18.3998
18.4542
18.5084
18.5624
18.6163
18.67
18.7236
18.777
18.8302
18.8833
18.9363
18.9891
19.0418
19.0943
19.1467
19.1989
19.251
19.3029
19.3547
19.4064
19.4579
19.5093
19.5606
19.6117
19.6627
19.7135
19.7643
19.8149
19.8653
19.9157
19.9659
20.016
20.0659
20.1158
20.1655
20.2151
20.2645
20.3139
20.3631
20.4122
20.4612
20.5101
20.5588
20.6075
20.656
2.0656
3.5656
5.0656
6.5656
8.0656
9.5656
11.0656
11.156
11.2456
11.3345
11.4228
11.5103
11.5972
11.6834
11.769
11.854
11.9383
12.0221
12.1053
12.1879
12.2699
12.3514
12.4324
12.5128
12.5927
12.6722
12.7511
12.8295
12.9074
12.9849
13.0619
13.1385
13.2146
13.2903
13.3655
13.4403
13.5147
13.5887
13.6623
13.7355
13.8083
13.8807
13.9528
14.0245
14.0958
14.1667
14.2373
14.3075
14.3774
14.447
14.5162
14.5851
14.6536
14.7219
14.7898
14.8574
14.9247
14.9917
15.0584
15.1248
15.191
15.2568
15.3223
15.3876
15.4526
15.5173
15.5817
15.6459
15.7098
15.7735
15.8369
15.9
15.9629
16.0256
16.088
16.1501
16.212
16.2737
16.3352
16.3964
16.4574
16.5181
16.5787
16.639
16.6991
16.759
16.8187
16.8781
16.9374
16.9964
17.0552
17.1139
17.1723
17.2305
17.2886
17.3464
17.4041
17.4615
17.5188
17.5759
17.6328
17.6895
17.746
17.8024
17.8585
17.9145
17.9704
18.026
18.0815
18.1368
18.1919
18.2469
18.3017
18.3563
18.4108
18.4651
18.5193
18.5733
18.6271
18.6808
18.7343
18.7877
18.8409
18.894
18.9469
18.9997
19.0524
19.1048
19.1572
19.2094
19.2614
19.3134
19.3651
19.4168
19.4683
19.5196
19.5709
19.622
19.6729
19.7238
19.7745
19.825
19.8755
19.9258
19.976
20.026
20.076
20.1258
20.1755
20.225
20.2745
20.3238
20.373
20.4221
20.4711
20.5199
20.5686
20.6173
20.6658
20.7141
20.7624
20.8106
20.8586
20.9066
20.9544
21.0021
21.0498
21.0973
21.1447
21.192
21.2391
21.2862
21.3332
21.3801
21.4268
21.4735
21.5201
21.5666
21.6129
21.6592
21.7054
21.7514
21.7974
21.8433
21.8891
21.9347
21.9803
22.0258
22.0712
22.1165
22.1618
22.2069
22.2519
22.2969
22.3417
22.3865
22.4311
22.4757
22.5202
22.5646
22.6089
22.6532
22.6973
22.7414
22.7853
22.8292
22.873
22.9167
22.9604
23.0039
23.0474
23.0908
23.1341
23.1773
23.2205
23.2635
23.3065
23.3494
23.3923
23.435
23.4777
23.5203
23.5628
23.6052
23.6476
23.6899
23.7321
23.7742
23.8163
23.8583
23.9002
23.942
23.9838
24.0255
24.0671
24.1087
24.1501
24.1916
24.2329
24.2742
24.3154
24.3565
24.3975
24.4385
24.4794
24.5203
24.5611
24.6018
24.6424
24.683
24.7235
24.764
24.8044
24.8447
24.8849
24.9251
24.9652
25.0053
25.0453
25.0852
2.50852
4.00852
5.50852
7.00852
8.50852
10.0085
11.5085
13.0085
13.0854
13.1618
13.2378
13.3133
13.3884
13.4631
13.5374
13.6113
13.6848
13.7578
13.8305
13.9028
13.9747
14.0463
14.1175
14.1883
14.2588
14.3289
14.3987
14.4682
14.5373
14.6061
14.6746
14.7427
14.8105
14.878
14.9453
15.0122
15.0788
15.1451
15.2111
15.2769
15.3423
15.4075
15.4724
15.537
15.6014
15.6655
15.7293
15.7929
15.8562
15.9193
15.9821
16.0447
16.107
16.1691
16.2309
16.2926
16.3539
16.4151
16.476
16.5367
16.5972
16.6574
16.7174
16.7773
16.8369
16.8963
16.9554
1.69554
3.19554
4.69554
6.19554
7.69554
9.19554
9.30429
9.41177
9.51802
9.62308
9.727
9.82981
9.93154
10.0322
10.1319
10.2306
10.3284
10.4252
1.04252
2.54252
4.04252
5.54252
5.72294
5.89768
6.06723
6.23205
6.39251
6.54895
6.70164
6.85086
6.99683
7.13975
7.27981
7.41718
7.552
7.68441
7.81455
7.94251
8.06842
8.19236
1
2.5
4
5.5
5.68182
5.85782
6.02853
6.19441
6.35584
6.51318
6.66671
6.81671
6.96341
7.10702
7.24773
7.3857
7.5211
7.65406
7.78471
7.91316
8.03953
8.16392
8.28641
8.40709
8.52604
8.64332
8.75902
8.87319
8.98589
9.09717
9.2071
9.31571
9.42305
9.52918
9.63412
9.73792
9.84061
9.94223
10.0428
10.1424
10.241
10.3386
10.4353
10.5312
10.6261
10.7202
10.8135
10.906
10.9977
11.0886
11.1788
11.2683
11.357
11.4451
11.5324
11.6191
11.7052
11.7906
11.8755
11.9597
12.0433
12.1263
12.2088
12.2907
12.372
12.4529
12.5332
12.613
12.6922
12.771
12.8493
12.9272
13.0045
13.0814
13.1579
13.2339
13.3094
13.3846
13.4593
13.5336
13.6075
13.6809
13.754
13.8267
13.8991
13.971
14.0426
14.1138
14.1847
14.2552
14.3253
14.3951
14.4646
14.5337
14.6025
14.671
14.7392
14.807
14.8745
14.9418
15.0087
15.0753
15.1417
15.2077
15.2735
15.3389
15.4041
15.469
15.5337
15.5981
15.6622
15.726
15.7896
15.8529
15.916
15.9789
16.0414
16.1038
16.1659
16.2277
16.2894
16.3507
16.4119
16.4728
16.5335
16.594
16.6543
16.7143
16.7742
16.8338
16.8932
16.9524
17.0114
17.0702
17.1287
17.1871
17.2453
17.3033
17.3611
17.4187
17.4761
17.5333
17.5903
17.6472
17.7039
17.7603
17.8166
17.8728
17.9287
17.9845
18.0401
18.0955
18.1508
18.2059
18.2608
18.3156
18.3702
18.4246
18.4789
18.533
18.587
18.6408
18.6944
18.7479
18.8012
18.8544
18.9075
18.9604
19.0131
19.0657
19.1181
19.1705
19.2226
19.2746
19.3265
19.3783
19.4299
19.4813
19.5327
19.5839
19.6349
19.6859
19.7367
19.7873
19.8379
19.8883
19.9385
19.9887
20.0387
20.0886
20.1384
20.1881
20.2376
20.287
20.3363
20.3855
20.4345
20.4835
20.5323
20.581
20.6296
20.6781
20.7264
20.7747
20.8228
20.8708
20.9187
20.9665
21.0142
21.0618
21.1093
21.1567
21.2039
21.2511
21.2982
21.3451
21.392
21.4387
21.4854
21.5319
21.5783
21.6247
21.6709
21.7171
21.7631
21.8091
21.8549
21.9007
21.9463
21.9919
22.0374
22.0828
2.20828
3.70828
5.20828
6.70828
8.20828
9.70828
11.2083
11.2975
11.386
11.4738
11.561
11.6475
11.7333
11.8186
11.9032
11.9872
12.0706
12.1535
12.2357
12.3175
12.3987
12.4793
12.5594
12.6391
12.7182
12.7968
12.875
12.9526
13.0298
13.1066
13.1829
13.2587
13.3342
13.4092
13.4837
13.5579
13.6316
13.705
13.778
13.8506
13.9228
13.9946
14.066
14.1371
14.2079
14.2782
14.3483
14.418
1.4418
2.9418
4.4418
5.9418
7.4418
7.57617
7.70817
7.8379
7.96548
8.09103
8.21462
8.33635
8.45631
8.57457
8.69119
8.80625
8.9198
9.03191
9.14263
9.25201
9.36009
9.46693
9.57256
9.67703
9.78037
9.88261
9.9838
10.084
10.1831
10.2813
10.3786
10.4749
10.5704
10.665
1.0665
2.5665
4.0665
5.5665
5.74615
5.92018
6.08909
6.25332
6.41323
6.56916
6.72139
6.87017
7.01572
7.15826
7.29796
7.43498
7.56948
7.70159
7.83144
7.95913
8.08477
8.20846
8.33028
8.45033
8.56867
8.68537
8.80051
8.91414
9.02632
9.1371
9.24655
9.3547
9.4616
9.56729
9.67181
9.7752
9.8775
9.97874
10.079
10.1782
10.2764
10.3737
10.4701
10.5656
10.6603
10.7541
10.8471
10.9393
11.0307
11.1213
11.2113
11.3005
11.3889
11.4767
11.5639
11.6504
11.7362
11.8214
11.906
11.99
12.0734
12.1562
12.2385
12.3202
12.4014
12.482
12.5621
12.6417
12.7208
12.7994
12.8776
12.9552
13.0324
13.1091
13.1854
13.2613
13.3367
13.4116
13.4862
13.5604
13.6341
13.7074
13.7804
13.853
13.9251
13.997
14.0684
14.1395
14.2102
14.2806
14.3506
14.4203
14.4896
14.5587
14.6273
14.6957
14.7638
14.8315
14.8989
14.966
15.0328
15.0994
15.1656
15.2315
15.2972
15.3626
15.4277
15.4925
15.557
15.6213
15.6853
15.7491
15.8126
15.8758
15.9388
16.0015
16.064
16.1263
16.1883
16.2501
16.3116
16.3729
16.434
16.4948
16.5555
16.6159
16.676
16.736
16.7958
16.8553
16.9146
16.9737
17.0327
17.0914
17.1499
17.2082
17.2663
17.3242
17.3819
17.4395
17.4968
17.554
17.6109
17.6677
17.7243
17.7807
17.837
17.893
17.9489
18.0046
18.0602
18.1156
18.1708
18.2258
18.2807
18.3354
18.3899
18.4443
18.4985
18.5526
18.6065
18.6602
18.7138
18.7672
18.8205
18.8736
18.9266
18.9795
19.0322
19.0847
19.1371
19.1893
1.91893
3.41893
4.91893
6.41893
7.91893
9.41893
10.9189
11.0105
11.1013
11.1914
11.2808
11.3694
11.4574
11.5447
11.6313
11.7173
11.8026
11.8873
1.18873
2.68873
4.18873
5.68873
7.18873
7.32784
7.4643
7.59828
7.72988
7.85925
7.98649
8.1117
8.23498
8.35641
8.47608
8.59406
8.71042
8.82523
8.93854
9.05041
9.16091
9.27006
9.37794
9.48457
9.59001
9.69428
9.79744
9.8995
10.0005
10.1005
10.1995
10.2976
10.3947
10.4909
10.5862
10.6807
10.7743
10.8671
10.9591
11.0504
11.1409
11.2306
11.3197
11.408
11.4957
11.5827
11.669
11.7547
11.8398
11.9242
12.0081
12.0914
12.1741
12.2562
12.3378
12.4188
12.4994
12.5794
12.6589
12.7379
12.8164
12.8944
12.972
13.049
13.1257
13.2019
13.2776
13.3529
13.4278
13.5023
13.5763
13.65
13.7233
13.7961
13.8686
13.9407
14.0125
14.0838
14.1548
14.2255
14.2958
14.3657
14.4353
14.5046
14.5735
14.6422
14.7105
14.7784
14.8461
14.9135
14.9805
15.0473
15.1137
15.1799
15.2458
15.3114
15.3767
15.4417
15.5065
15.571
1.5571
3.0571
4.5571
6.0571
7.5571
9.0571
9.16751
9.27659
9.38439
9.49095
9.59631
9.70052
9.8036
9.90561
10.0066
10.1065
10.2054
10.3034
10.4005
10.4966
10.5919
10.6863
10.7799
10.8727
10.9646
11.0558
11.1463
11.236
11.325
1.1325
2.6325
4.1325
5.6325
7.1325
7.2727
7.4102
7.54515
7.67769
7.80794
7.93601
8.06202
8.18606
8.30822
8.42858
8.54722
8.66422
8.77964
8.89354
9.00598
9.11702
9.2267
9.33508
9.4422
9.54811
9.65284
9.75644
9.85894
9.96037
10.0608
10.1602
10.2586
10.3561
10.4526
10.5483
10.6431
10.7371
10.8302
10.9225
11.0141
11.1049
11.1949
11.2842
11.3729
11.4608
11.5481
11.6346
11.7206
11.8059
11.8906
11.9747
12.0582
12.1412
12.2235
12.3053
12.3866
12.4673
12.5475
12.6272
12.7064
12.7851
12.8633
12.9411
13.0184
13.0952
13.1715
13.2475
13.3229
13.398
13.4726
13.5469
13.6207
13.6941
13.7671
13.8398
13.912
13.9839
14.0554
14.1266
14.1973
14.2678
14.3379
14.4076
14.477
14.5461
14.6148
14.6833
14.7514
14.8192
1.48192
2.98192
4.48192
5.98192
7.48192
7.61557
7.74688
7.87597
8.00293
8.12789
8.25092
8.37212
8.49156
8.60933
8.72548
8.84009
8.95321
9.0649
9.17522
9.28421
9.39192
9.49839
9.60367
9.7078
9.81081
9.91274
10.0136
10.1135
10.2124
10.3103
10.4073
10.5034
10.5986
10.6929
10.7864
10.8791
10.9711
11.0622
11.1526
11.2423
11.3312
11.4195
11.507
11.594
11.6802
11.7658
11.8508
11.9352
12.019
12.1022
12.1848
12.2669
12.3484
12.4294
12.5098
12.5898
12.6692
12.7481
12.8266
12.9045
12.982
13.0591
13.1356
13.2118
13.2875
13.3627
13.4375
13.512
13.586
13.6596
13.7328
13.8056
13.878
13.9501
14.0218
14.0931
14.1641
14.2347
14.3049
14.3748
14.4444
14.5136
14.5825
14.6511
14.7193
14.7873
14.8549
14.9222
14.9892
15.056
15.1224
15.1885
15.2543
15.3199
15.3852
15.4502
15.5149
15.5793
15.6435
15.7075
15.7711
15.8345
15.8977
15.9606
16.0232
16.0856
16.1478
16.2097
16.2714
16.3329
16.3941
16.4551
16.5159
16.5764
16.6368
16.6969
16.7568
16.8164
16.8759
16.9352
16.9942
17.0531
17.1117
17.1701
17.2284
17.2864
17.3443
17.4019
17.4594
17.5167
17.5737
17.6307
17.6874
17.7439
17.8003
17.8564
17.9124
17.9683
18.0239
18.0794
18.1347
18.1899
18.2448
18.2997
18.3543
18.4088
18.4631
18.5173
18.5713
18.6251
18.6788
18.7323
18.7857
18.839
18.892
18.945
18.9978
19.0504
19.1029
19.1552
19.2074
19.2595
19.3114
19.3632
19.4149
19.4664
19.5177
19.569
19.6201
19.671
19.7219
19.7726
19.8232
19.8736
19.9239
19.9741
20.0242
20.0741
20.1239
20.1736
20.2232
20.2726
20.322
20.3712
20.4203
20.4692
20.5181
20.5668
20.6154
20.664
20.7123
20.7606
20.8088
20.8568
20.9048
20.9526
21.0004
21.048
21.0955
21.1429
21.1902
21.2374
21.2845
21.3314
21.3783
21.4251
21.4718
21.5184
21.5648
21.6112
21.6575
21.7036
21.7497
21.7957
21.8416
21.8874
21.933
21.9786
22.0241
22.0695
22.1149
2.21149
3.71149
5.21149
6.71149
8.21149
9.71149
11.2115
11.3007
11.3892
11.477
11.5641
11.6506
11.7364
11.8216
11.9062
11.9902
12.0736
12.1564
12.2387
12.3204
12.4016
12.4822
12.5623
12.6419
12.721
12.7996
12.8778
12.9554
13.0326
13.1093
13.1856
13.2614
13.3369
13.4118
13.4864
13.5605
13.6343
13.7076
13.7806
13.8531
13.9253
13.9971
14.0686
14.1397
14.2104
14.2808
14.3508
14.4205
14.4898
14.5588
14.6275
14.6959
14.7639
14.8317
14.8991
14.9662
15.033
15.0995
15.1658
15.2317
15.2974
15.3627
15.4278
15.4926
15.5572
15.6215
15.6855
15.7492
15.8127
15.876
15.939
16.0017
16.0642
16.1264
16.1884
16.2502
16.3118
16.3731
16.4341
16.495
16.5556
16.616
16.6762
16.7362
16.7959
16.8555
16.9148
16.9739
17.0328
17.0915
17.15
17.2083
17.2665
17.3244
17.3821
17.4396
17.497
17.5541
17.6111
17.6679
17.7245
17.7809
17.8371
17.8932
17.9491
18.0048
18.0603
18.1157
18.1709
18.2259
18.2808
18.3355
18.39
18.4444
18.4986
18.5527
18.6066
18.6603
18.7139
18.7674
18.8206
18.8738
18.9268
18.9796
19.0323
19.0848
19.1372
19.1895
19.2416
19.2936
19.3454
19.3971
19.4486
19.5001
19.5513
19.6025
19.6535
19.7044
19.7551
19.8058
19.8562
19.9066
19.9568
20.0069
20.0569
20.1068
20.1565
20.2061
20.2556
20.305
20.3542
20.4034
20.4524
20.5013
20.5501
20.5987
20.6473
20.6957
20.744
20.7922
20.8403
20.8883
20.9362
20.9839
21.0316
21.0791
21.1266
21.1739
21.2211
21.2683
21.3153
21.3622
21.409
21.4557
21.5023
21.5488
21.5952
21.6415
21.6878
21.7339
21.7799
21.8258
21.8716
21.9173
21.963
22.0085
22.0539
22.0993
22.1445
22.1897
22.2347
22.2797
22.3246
22.3694
22.4141
22.4587
22.5032
22.5477
22.592
22.6363
22.6805
22.7246
22.7686
22.8125
22.8563
22.9001
22.9437
22.9873
23.0308
23.0742
23.1176
23.1608
23.204
23.2471
23.2901
23.3331
23.3759
23.4187
23.4614
23.504
23.5466
23.589
23.6314
23.6737
23.716
23.7582
23.8002
23.8423
23.8842
23.9261
23.9679
24.0096
24.0512
24.0928
24.1343
24.1758
24.2171
24.2584
24.2996
24.3408
24.3819
24.4229
24.4638
24.5047
24.5455
24.5863
24.6269
24.6675
24.7081
24.7486
24.789
24.8293
24.8696
24.9098
24.9499
24.99
25.03
25.07
25.1099
25.1497
25.1895
25.2292
25.2688
25.3084
25.3479
25.3873
25.4267
25.466
25.5053
25.5445
25.5837
25.6228
25.6618
25.7008
25.7397
25.7785
25.8173
25.856
25.8947
25.9333
25.9719
26.0104
26.0488
26.0872
26.1256
26.1638
26.2021
26.2402
26.2783
26.3164
26.3544
26.3923
26.4302
26.4681
26.5058
26.5436
26.5812
26.6189
26.6564
26.6939
26.7314
26.7688
26.8062
26.8435
26.8807
26.9179
26.9551
26.9922
27.0292
27.0662
27.1032
27.1401
27.1769
27.2137
27.2505
27.2871
27.3238
27.3604
27.3969
27.4334
27.4699
27.5063
27.5427
27.579
27.6152
27.6514
27.6876
27.7237
27.7598
27.7958
27.8318
27.8677
27.9036
27.9394
27.9752
28.011
28.0467
28.0823
28.1179
28.1535
28.189
28.2245
28.2599
28.2953
28.3307
28.366
28.4012
28.4364
28.4716
28.5067
28.5418
28.5768
28.6118
28.6468
28.6817
28.7165
28.7514
28.7861
28.8209
28.8556
28.8902
28.9248
28.9594
28.994
29.0284
29.0629
29.0973
29.1317
29.166
29.2003
29.2345
29.2687
29.3029
29.337
29.3711
29.4052
2.94052
4.44052
5.94052
7.44052
8.94052
10.4405
11.9405
13.4405
14.9405
15.0074
15.0741
15.1404
15.2065
15.2722
15.3377
15.4029
15.4678
15.5325
15.5969
15.661
15.7248
15.7884
15.8518
15.9148
15.9777
16.0403
16.1026
16.1647
16.2266
16.2882
16.3496
16.4108
16.4717
16.5324
16.5929
16.6532
16.7132
16.773
16.8327
16.8921
16.9513
17.0103
17.069
17.1276
17.186
17.2442
17.3022
17.36
17.4176
17.475
17.5322
17.5893
1.75893
3.25893
4.75893
6.25893
7.75893
9.25893
9.36693
9.47369
9.57925
9.68364
9.7869
9.88908
9.9902
10.0903
10.1894
10.2875
10.3848
10.481
10.5765
10.671
10.7647
10.8576
10.9497
11.041
11.1316
11.2214
11.3106
11.399
11.4867
11.5738
11.6602
11.7459
11.8311
11.9156
11.9995
12.0828
12.1656
12.2478
12.3295
12.4106
12.4911
12.5712
12.6507
12.7298
12.8083
12.8864
12.964
13.0412
13.1178
13.1941
13.2699
13.3452
13.4202
13.4947
13.5688
13.6425
13.7158
13.7887
13.8612
13.9333
14.0051
14.0765
14.1476
14.2182
14.2886
14.3586
14.4282
14.4975
14.5665
14.6351
14.7035
14.7715
14.8392
14.9066
14.9737
15.0404
15.1069
15.1731
15.239
15.3046
15.37
15.435
15.4998
15.5644
15.6286
15.6926
15.7563
15.8198
15.883
15.9459
16.0087
16.0711
16.1334
16.1953
16.2571
16.3186
16.3799
16.4409
16.5017
16.5623
16.6227
16.6829
16.7428
16.8026
16.8621
16.9214
16.9805
17.0394
17.098
17.1565
17.2148
17.2729
17.3308
17.3885
17.446
17.5033
17.5605
17.6174
17.6742
17.7308
17.7872
17.8434
17.8994
17.9553
18.011
18.0665
18.1218
18.177
18.232
18.2869
18.3416
18.3961
18.4505
18.5047
18.5587
18.6126
18.6663
18.7199
18.7733
18.8266
18.8797
18.9327
18.9855
19.0381
19.0907
19.143
19.1953
19.2474
19.2993
19.3512
19.4028
19.4544
19.5058
19.557
19.6082
19.6592
19.71
19.7608
19.8114
19.8619
19.9122
19.9624
20.0125
20.0625
20.1123
20.1621
20.2116
20.2611
20.3105
20.3597
20.4088
20.4578
20.5067
20.5555
20.6041
20.6527
20.7011
20.7494
20.7976
20.8457
20.8936
20.9415
20.9892
21.0369
21.0844
21.1319
21.1792
21.2264
21.2735
21.3205
21.3674
21.4142
21.4609
21.5075
21.554
21.6004
21.6467
21.6929
21.739
21.785
21.8309
21.8767
21.9224
21.968
22.0135
22.059
22.1043
22.1495
22.1947
22.2397
22.2847
22.3296
22.3744
22.4191
22.4637
22.5082
22.5526
22.597
22.6412
22.6854
22.7295
22.7735
22.8174
22.8612
22.9049
22.9486
22.9922
23.0357
23.0791
23.1224
23.1656
23.2088
23.2519
23.2949
23.3378
23.3807
23.4235
23.4661
23.5088
23.5513
23.5938
23.6361
23.6785
23.7207
23.7628
23.8049
23.8469
23.8889
23.9307
23.9725
24.0142
24.0559
24.0974
24.1389
24.1804
24.2217
24.263
24.3042
24.3454
24.3864
24.4275
24.4684
24.5093
24.5501
24.5908
24.6315
24.6721
24.7126
24.7531
24.7935
24.8338
24.8741
24.9143
24.9544
24.9945
25.0345
25.0744
25.1143
25.1541
25.1939
25.2336
25.2732
25.3128
2.53128
4.03128
5.53128
7.03128
8.53128
10.0313
11.5313
13.0313
13.108
13.1843
13.2602
13.3356
13.4106
13.4851
13.5593
13.633
13.7064
13.7793
13.8519
13.9241
13.9959
14.0674
14.1385
14.2092
14.2796
14.3496
14.4193
14.4886
14.5577
14.6263
14.6947
14.7628
14.8305
14.8979
14.9651
15.0319
15.0984
15.1646
15.2306
15.2962
15.3616
