4
5.5
7
8.5
10
11.5
13
14.5
16
17.5
19
20.5
22
23.5
25
26.5
28
29.5
31
32.5
34
35.5
37
38.5
40
41.5
43
44.5
46
47.5
49
50.5
52
53.5
55
56.5
58
59.5
61
62.5
64
65.5
67
68.5
70
71.5
73
74.5
76
77.5
79
80.5
82
83.5
85
86.5
88
89.5
91
92.5
94
95.5
97
98.5
100
101.5
103
104.5
106
107.5
109
110.5
112
113.5
115
116.5
118
119.5
121
122.5
124
125.5
127
128.5
130
131.5
133
134.5
136
137.5
139
140.5
142
143.5
145
146.5
148
149.5
151
152.5
154
155.5
157
158.5
160
161.5
163
164.5
166
167.5
169
170.5
172
173.5
175
176.5
178
179.5
181
182.5
184
185.5
187
188.5
190
191.5
193
194.5
196
197.5
199
200.5
202
203.5
205
206.5
208
209.5
211
212.5
214
215.5
217
218.5
220
221.5
223
224.5
226
227.5
229
230.5
232
233.5
235
236.5
238
239.5
241
242.5
244
245.5
247
248.5
250
251.5
253
254.5
256
257.5
259
260.5
262
263.5
265
266.5
268
269.5
271
272.5
274
275.5
277
278.5
280
281.5
283
284.5
286
287.5
289
290.5
292
293.5
295
296.5
298
299.5
301
302.5
304
305.5
307
308.5
310
311.5
313
314.5
316
317.5
319
320.5
322
323.5
325
326.5
328
329.5
331
332.5
334
335.5
337
338.5
340
341.5
343
344.5
346
347.5
349
350.5
352
353.5
355
356.5
358
107.4
108.9
110.4
111.9
113.4
114.9
116.4
117.9
119.4
120.9
122.4
123.9
125.4
126.9
128.4
129.9
131.4
132.9
134.4
135.9
137.4
138.9
140.4
141.9
143.4
144.9
146.4
147.9
149.4
150.9
152.4
153.9
155.4
156.9
158.4
159.9
161.4
162.9
164.4
165.9
167.4
168.9
170.4
171.9
173.4
174.9
176.4
177.9
179.4
179.406
179.411
179.417
179.422
179.428
179.433
179.439
179.445
179.45
179.456
179.461
179.467
179.472
179.478
179.484
179.489
179.495
179.5
179.506
179.511
179.517
179.523
179.528
179.534
179.539
179.545
179.55
179.556
179.562
179.567
179.573
179.578
179.584
179.589
179.595
179.601
179.606
179.612
179.617
179.623
179.628
179.634
179.64
179.645
179.651
53.8952
55.3952
56.8952
58.3952
59.8952
61.3952
62.8952
64.3952
65.8952
67.3952
68.8952
70.3952
71.8952
73.3952
74.8952
76.3952
77.8952
79.3952
80.8952
82.3952
83.8952
85.3952
86.8952
88.3952
26.5186
28.0186
29.5186
31.0186
32.5186
34.0186
35.5186
37.0186
38.5186
40.0186
41.5186
43.0186
44.5186
44.541
44.5635
44.5859
44.6083
44.6308
44.6532
44.6756
44.6979
44.7203
44.7427
44.765
44.7874
44.8097
44.832
44.8543
44.8766
44.8989
44.9212
44.9434
44.9657
44.9879
45.0101
45.0324
45.0546
45.0768
45.0989
45.1211
45.1433
45.1654
45.1876
45.2097
45.2318
45.2539
45.276
45.2981
45.3202
45.3423
45.3643
45.3864
45.4084
45.4304
45.4524
45.4744
45.4964
45.5184
45.5404
45.5623
45.5843
45.6062
45.6281
45.6501
45.672
45.6939
45.7157
45.7376
45.7595
45.7813
45.8032
45.825
45.8468
45.8686
45.8904
45.9122
45.934
45.9558
45.9775
45.9993
46.021
46.0428
46.0645
46.0862
46.1079
46.1296
46.1513
46.1729
46.1946
46.2162
46.2379
46.2595
46.2811
46.3027
46.3243
46.3459
46.3675
46.389
46.4106
46.4321
46.4537
46.4752
46.4967
46.5182
46.5397
46.5612
46.5827
46.6042
46.6256
46.6471
46.6685
46.6899
46.7114
46.7328
46.7542
46.7755
46.7969
46.8183
46.8397
46.861
46.8823
46.9037
46.925
46.9463
46.9676
46.9889
47.0102
47.0314
47.0527
47.074
47.0952
47.1164
47.1377
47.1589
47.1801
47.2013
47.2225
47.2436
47.2648
47.286
47.3071
47.3283
47.3494
47.3705
47.3916
47.4127
47.4338
47.4549
47.476
47.497
47.5181
47.5391
47.5602
47.5812
47.6022
47.6232
47.6442
47.6652
47.6862
47.7071
47.7281
47.7491
47.77
47.7909
47.8119
47.8328
47.8537
47.8746
47.8955
47.9163
47.9372
47.9581
47.9789
47.9998
48.0206
48.0414
48.0622
48.083
48.1038
48.1246
48.1454
48.1662
48.1869
48.2077
48.2284
48.2492
48.2699
48.2906
48.3113
48.332
48.3527
48.3734
48.3941
48.4147
48.4354
48.456
48.4767
14.543
16.043
17.543
19.043
20.543
22.043
23.543
25.043
25.0829
25.1228
25.1626
25.2023
25.242
7.57261
9.07261
10.5726
12.0726
13.5726
13.6463
13.7196
13.7925
13.865
13.9371
14.0088
14.0802
14.1512
14.2219
14.2922
14.3622
14.4318
14.5011
14.5701
14.6387
14.707
14.775
14.8427
14.9101
14.9771
15.0439
15.1104
15.1765
15.2424
15.308
15.3734
15.4384
15.5032
15.5677
15.6319
15.6959
15.7596
15.8231
15.8863
15.9492
16.0119
16.0744
16.1366
16.1985
16.2603
16.3218
16.383
16.4441
16.5049
16.5655
16.6259
16.686
16.7459
16.8056
16.8652
16.9244
16.9835
17.0424
17.1011
17.1596
17.2178
17.2759
17.3338
17.3915
17.449
17.5063
17.5634
17.6204
17.6771
17.7337
17.7901
17.8463
17.9023
17.9582
18.0139
18.0694
18.1247
18.1799
18.2349
18.2897
18.3444
18.3989
18.4533
18.5075
18.5615
18.6154
18.6691
18.7227
18.7761
18.8293
18.8824
18.9354
18.9882
19.0409
19.0934
19.1458
19.198
19.2501
19.302
19.3538
19.4055
19.457
19.5084
19.5597
19.6108
19.6618
19.7127
19.7634
19.814
19.8645
19.9148
19.965
20.0151
20.0651
20.1149
20.1646
20.2142
20.2637
20.313
20.3623
6.10868
7.60868
9.10868
10.6087
10.7029
10.7964
10.889
10.9808
11.0719
11.1622
3.34867
4.84867
6.34867
6.50618
6.65988
6.81003
6.95687
7.10062
7.24145
7.37954
7.51505
7.64812
7.77887
7.90742
8.03389
8.15836
8.28093
8.40169
8.52072
8.63808
8.75384
8.86808
8.98084
9.09219
9.20218
9.31085
9.41825
9.52443
9.62942
9.73327
9.83601
9.93767
10.0383
10.1379
10.2366
10.3342
10.431
10.5269
10.6219
10.716
10.8093
10.9019
10.9936
11.0845
11.1748
11.2642
11.353
11.4411
11.5285
3.45855
4.95855
6.45855
6.61339
6.76459
6.91242
7.05709
7.19879
7.3377
7.47399
7.60778
7.73923
7.86844
7.99553
8.1206
8.24374
8.36505
8.48459
8.60245
8.7187
8.8334
8.9466
9.05838
9.16877
9.27784
9.38562
9.49217
9.59752
9.70171
9.80479
9.90678
10.0077
10.1076
10.2066
10.3046
10.4016
10.4977
10.593
10.6874
10.781
10.8737
10.9657
11.0569
11.1473
11.237
11.326
11.4143
11.5019
11.5889
11.6752
11.7608
11.8458
11.9303
12.0141
12.0973
12.18
12.2621
12.3436
12.4246
12.5051
12.5851
12.6645
12.7435
12.822
12.9
12.9775
13.0545
13.1311
13.2073
13.283
13.3583
13.4332
13.5076
13.5816
13.6553
13.7285
13.8013
13.8738
13.9459
14.0176
14.0889
14.1599
14.2305
14.3008
14.3707
14.4403
14.5096
14.5785
14.6471
14.7153
14.7833
14.8509
14.9183
14.9853
15.052
15.1185
15.1846
15.2505
15.316
15.3813
15.4464
15.5111
15.5756
15.6398
15.7037
15.7674
15.8308
15.894
15.9569
16.0196
16.082
16.1442
16.2061
16.2678
16.3293
16.3905
16.4515
16.5123
16.5729
16.6332
16.6933
16.7532
16.8129
16.8724
16.9317
16.9907
17.0496
17.1083
17.1667
17.225
17.283
17.3409
17.3985
17.456
17.5133
17.5704
17.6273
17.684
17.7406
17.797
17.8531
17.9092
17.965
18.0207
18.0762
18.1315
18.1866
18.2416
18.2964
18.3511
18.4056
18.4599
18.5141
18.5681
18.622
18.6757
18.7292
18.7826
18.8358
18.8889
18.9419
18.9947
19.0473
19.0998
19.1522
19.2044
19.2564
19.3084
19.3602
19.4118
19.4633
19.5147
19.566
19.6171
19.668
19.7189
19.7696
19.8202
19.8706
19.921
19.9712
20.0212
20.0712
20.121
20.1707
20.2203
20.2697
20.3191
20.3683
20.4174
20.4664
20.5152
20.564
20.6126
20.6611
20.7095
20.7578
20.806
20.854
20.902
20.9498
6.28495
7.78495
9.28495
10.7849
10.8777
10.9696
11.0608
11.1512
11.2408
11.3298
11.4181
11.5057
11.5926
11.6788
11.7645
11.8495
11.9338
12.0176
12.1009
12.1835
12.2656
12.3471
12.4281
12.5086
12.5885
12.6679
12.7469
12.8253
12.9033
12.9808
13.0578
13.1344
13.2106
13.2862
13.3615
13.4364
13.5108
13.5848
13.6584
13.7316
13.8044
13.8769
13.949
14.0206
14.092
14.1629
14.2335
14.3038
14.3737
14.4433
14.5125
14.5814
14.65
14.7183
14.7862
14.8538
14.9212
14.9882
15.0549
15.1213
15.1874
15.2533
15.3188
15.3841
15.4491
15.5139
15.5783
15.6425
15.7064
15.7701
15.8335
15.8967
15.9596
16.0222
16.0847
16.1468
16.2088
16.2704
16.3319
16.3931
16.4541
16.5149
16.5755
16.6358
16.6959
16.7558
16.8155
16.875
16.9342
16.9933
17.0521
17.1108
17.1692
17.2274
17.2855
17.3433
17.401
17.4585
17.5157
17.5728
17.6297
17.6865
17.743
17.7994
17.8555
17.9116
17.9674
18.023
18.0785
18.1338
18.189
18.244
18.2988
18.3534
18.4079
18.4622
18.5164
18.5704
18.6243
18.6779
18.7315
18.7849
18.8381
18.8912
18.9441
18.9969
19.0496
19.102
19.1544
19.2066
19.2587
19.3106
19.3624
19.414
19.4655
19.5169
19.5681
19.6192
19.6702
19.7211
19.7718
19.8223
19.8728
19.9231
19.9733
20.0234
20.0733
20.1231
20.1728
20.2224
20.2718
20.3212
20.3704
20.4195
20.4684
20.5173
20.566
20.6147
20.6632
20.7116
20.7599
20.808
20.8561
20.904
20.9519
20.9996
21.0472
21.0947
21.1421
21.1894
21.2366
21.2837
21.3307
21.3776
21.4244
21.471
21.5176
21.5641
21.6105
21.6567
21.7029
21.749
21.795
21.8408
21.8866
21.9323
21.9779
22.0234
22.0688
22.1141
22.1594
22.2045
22.2495
22.2945
22.3393
22.3841
22.4288
22.4733
22.5178
22.5622
22.6066
22.6508
22.6949
22.739
22.783
22.8269
22.8707
22.9144
22.9581
23.0016
23.0451
23.0885
23.1318
23.175
23.2182
23.2612
23.3042
23.3471
23.39
23.4327
23.4754
23.518
23.5605
23.603
23.6453
23.6876
23.7298
23.772
23.814
23.856
23.898
23.9398
23.9816
24.0233
24.0649
24.1065
24.1479
24.1893
24.2307
24.272
24.3132
24.3543
24.3953
24.4363
24.4773
24.5181
24.5589
24.5996
24.6403
24.6809
24.7214
24.7618
24.8022
24.8425
24.8828
24.923
24.9631
25.0032
25.0431
25.0831
7.52492
9.02492
10.5249
12.0249
13.5249
13.5989
13.6724
13.7455
13.8183
13.8907
13.9626
14.0343
14.1055
14.1764
14.247
14.3171
14.387
14.4565
14.5257
14.5945
14.663
14.7312
14.7991
14.8667
14.934
15.0009
15.0676
15.1339
15.2
15.2658
15.3313
15.3965
15.4615
15.5262
15.5906
15.6547
15.7186
15.7822
15.8456
15.9087
15.9715
16.0342
16.0965
16.1586
16.2205
16.2822
16.3436
16.4048
16.4657
16.5265
16.587
16.6473
16.7073
16.7672
16.8268
16.8863
16.9455
17.0045
17.0633
17.1219
17.1803
17.2385
17.2965
17.3543
17.412
17.4694
17.5266
5.25799
6.75799
8.25799
9.75799
9.86047
9.96189
10.0623
10.1617
10.2601
10.3575
10.4541
10.5497
10.6445
10.7385
10.8316
10.9239
11.0155
11.1062
3.33187
4.83187
6.33187
6.4898
6.64389
6.7944
6.94158
7.08564
7.22677
7.36515
7.50092
7.63424
7.76523
7.89401
8.02069
8.14536
8.26813
8.38908
8.50828
8.62581
8.74175
8.85614
2.65684
4.15684
5.65684
5.83362
6.00504
6.17157
6.3336
6.49149
6.64554
6.79601
6.94316
7.08718
7.22828
7.36663
7.50238
7.63567
7.76663
7.89539
8.02204
8.1467
8.26945
8.39038
8.50956
8.62708
8.74299
8.85737
8.97027
9.08175
9.19186
9.30065
9.40817
9.51446
9.61956
9.72352
9.82636
9.92813
10.0289
10.1286
10.2273
10.3251
10.4219
10.5179
10.613
10.7072
10.8006
10.8932
10.985
11.076
11.1663
11.2558
11.3447
11.4328
11.5203
11.6071
11.6932
11.7788
11.8637
11.948
12.0317
12.1148
12.1973
12.2793
12.3607
12.4416
12.522
12.6019
12.6812
12.7601
12.8385
12.9163
12.9938
13.0707
13.1472
13.2233
13.2989
13.3741
13.4489
13.5232
13.5972
13.6707
13.7439
13.8166
13.889
13.961
14.0326
14.1039
14.1748
14.2454
14.3156
14.3854
14.4549
14.5241
14.593
14.6615
14.7297
14.7976
14.8652
14.9324
14.9994
15.0661
15.1324
15.1985
15.2643
15.3298
15.3951
15.46
15.5247
15.5891
15.6533
15.7171
15.7808
15.8441
15.9073
15.9701
16.0327
16.0951
16.1572
16.2191
16.2808
16.3422
16.4034
16.4644
16.5251
16.5856
16.6459
16.706
16.7658
16.8255
16.8849
16.9441
17.0032
17.062
17.1206
17.179
17.2372
17.2952
17.353
17.4107
17.4681
17.5253
17.5824
17.6393
17.696
17.7525
17.8088
17.865
17.9209
17.9767
18.0324
18.0878
18.1431
18.1982
18.2532
18.308
18.3626
18.417
18.4713
18.5255
18.5795
18.6333
18.6869
18.7405
18.7938
18.847
18.9001
18.953
19.0058
19.0584
19.1108
19.1632
19.2154
19.2674
19.3193
19.3711
19.4227
19.4742
19.5255
19.5767
19.6278
19.6788
19.7296
19.7803
19.8308
19.8812
19.9315
19.9817
20.0318
20.0817
20.1315
20.1812
20.2307
20.2801
20.3294
20.3786
20.4277
20.4767
20.5255
20.5742
20.6228
20.6713
20.7197
20.7679
20.8161
20.8641
20.9121
20.9599
21.0076
21.0552
21.1027
21.1501
21.1974
21.2445
21.2916
21.3386
21.3854
21.4322
21.4789
21.5254
21.5719
21.6182
21.6645
21.7106
21.7567
21.8027
21.8485
21.8943
21.94
21.9856
22.031
22.0764
22.1217
22.1669
6.65008
8.15008
9.65008
11.1501
11.2398
11.3287
11.417
11.5046
11.5915
11.6778
11.7634
11.8484
11.9328
12.0166
12.0998
12.1825
12.2646
12.3461
12.4271
12.5076
12.5875
12.667
12.7459
12.8244
12.9024
12.9799
13.0569
13.1335
13.2096
13.2853
13.3606
13.4355
13.5099
13.5839
13.6575
13.7307
13.8036
13.876
13.9481
14.0198
14.0911
14.1621
14.2327
14.3029
14.3729
14.4424
14.5117
14.5806
4.37417
5.87417
7.37417
7.50978
7.64294
7.77378
7.90242
8.02896
8.15351
8.27616
8.39699
8.51608
8.6335
8.74933
8.86363
8.97645
9.08785
9.19789
9.30661
9.41406
9.52028
9.62532
9.72921
9.832
9.9337
10.0344
10.134
10.2327
10.3304
10.4272
10.5231
10.6182
10.7123
10.8057
3.24171
4.74171
6.24171
6.40192
6.55812
6.71061
6.85962
7.0054
7.14815
7.28805
7.42526
7.55993
7.69221
7.82221
7.95005
8.07584
8.19966
8.32162
8.44179
8.56025
8.67707
8.79231
8.90605
9.01833
9.12922
9.23876
9.347
9.45398
9.55976
9.66436
9.76784
9.87021
9.97153
10.0718
10.1711
10.2694
10.3668
10.4633
10.5588
10.6535
10.7474
10.8404
10.9327
11.0242
11.1149
11.2048
11.2941
11.3826
11.4705
11.5577
11.6442
11.7301
11.8153
11.9
11.984
12.0674
12.1503
12.2326
12.3144
12.3956
12.4762
12.5564
12.636
12.7152
12.7938
12.872
12.9497
13.0269
13.1036
13.18
13.2558
13.3313
13.4063
13.4809
13.5551
13.6288
13.7022
13.7752
13.8478
13.92
13.9918
14.0633
14.1344
14.2052
14.2756
14.3456
14.4153
14.4847
14.5537
14.6224
14.6908
14.7589
14.8266
14.8941
14.9612
15.0281
15.0946
15.1609
15.2268
15.2925
15.3579
15.423
15.4878
15.5524
15.6167
15.6807
15.7445
15.808
15.8713
15.9343
15.997
16.0596
16.1218
16.1839
16.2456
16.3072
16.3685
16.4296
16.4905
16.5511
16.6115
16.6717
16.7317
16.7915
16.851
16.9104
16.9695
17.0285
17.0872
17.1457
17.204
17.2622
17.3201
17.3778
17.4354
17.4927
17.5499
17.6069
17.6637
17.7203
17.7767
17.833
17.889
17.9449
18.0007
18.0562
18.1116
18.1668
18.2219
18.2767
18.3314
18.386
18.4404
18.4946
18.5487
18.6026
18.6564
18.71
18.7634
18.8167
18.8698
18.9228
18.9757
19.0284
19.0809
19.1333
19.1856
19.2377
19.2897
19.3416
19.3933
19.4448
5.83345
7.33345
8.83345
10.3334
10.4302
10.5261
10.6211
10.7152
10.8086
10.9011
10.9928
11.0838
11.174
11.2635
11.3523
11.4404
11.5278
11.6145
3.48436
4.98436
6.48436
6.63858
6.78921
6.93651
7.08067
7.2219
7.36037
7.49623
7.62963
7.7607
7.88955
8.0163
8.14105
8.26388
8.38489
8.50415
8.62174
8.73773
8.85218
8.96514
9.07669
9.18686
9.29571
9.40329
9.50963
9.61479
9.71879
9.82169
9.9235
10.0243
10.124
10.2228
10.3206
10.4175
10.5135
10.6086
10.7029
10.7963
10.8889
10.9808
11.0719
11.1622
11.2518
11.3406
11.4288
11.5163
11.6031
11.6893
11.7749
11.8598
11.9441
12.0278
12.111
12.1936
12.2756
12.357
12.438
12.5184
12.5982
12.6776
12.7565
12.8349
12.9128
12.9902
13.0672
13.1437
13.2198
13.2955
13.3707
13.4455
13.5198
13.5938
13.6674
13.7405
13.8133
13.8857
13.9577
14.0294
14.1007
14.1716
14.2421
14.3124
14.3822
14.4518
14.5209
14.5898
14.6584
14.7266
14.7945
14.8621
14.9294
14.9963
15.063
15.1294
15.1955
15.2613
15.3268
15.3921
4.61763
6.11763
7.61763
9.11763
9.2273
9.33568
9.44279
9.54869
9.65342
9.75701
9.8595
9.96093
10.0613
10.1607
10.2591
10.3566
10.4532
10.5488
10.6436
10.7376
10.8307
10.923
11.0146
11.1054
11.1954
11.2847
11.3734
11.4613
11.5485
3.46456
4.96456
6.46456
6.61925
6.77032
6.91803
7.06258
7.20417
7.34298
7.47916
7.61287
7.74422
7.87335
8.00036
8.12536
8.24843
8.36966
8.48914
8.60694
8.72313
8.83776
8.95091
9.06263
9.17298
9.28199
9.38973
9.49623
9.60153
9.70568
9.80872
9.91067
10.0116
10.1115
10.2103
10.3083
10.4053
10.5014
10.5966
10.691
10.7845
10.8773
10.9692
11.0604
11.1508
11.2405
11.3294
11.4177
11.5053
11.5922
11.6784
11.7641
11.8491
11.9335
12.0173
12.1005
12.1831
12.2652
12.3467
12.4277
12.5082
12.5881
12.6676
12.7465
12.825
12.903
12.9805
13.0575
13.1341
13.2102
13.2859
13.3612
13.436
13.5105
13.5845
13.6581
13.7313
13.8041
13.8766
13.9486
14.0203
14.0916
14.1626
14.2332
14.3035
14.3734
14.443
14.5122
14.5811
14.6497
4.39491
5.89491
7.39491
7.53014
7.66294
7.79343
7.92175
8.04798
8.17224
8.2946
8.41516
8.534
8.65117
8.76677
8.88083
8.99343
9.10463
9.21446
9.32299
9.43025
9.53629
9.64115
9.74487
9.84749
9.94904
10.0496
10.1491
10.2476
10.3452
10.4418
10.5376
10.6325
10.7266
10.8198
10.9122
11.0038
11.0947
11.1849
11.2743
11.363
11.451
11.5383
11.625
11.711
11.7964
11.8811
11.9653
12.0489
12.1319
12.2143
12.2962
12.3775
12.4583
12.5386
12.6183
12.6976
12.7763
12.8546
12.9324
13.0097
13.0866
13.163
13.239
13.3145
13.3896
13.4643
13.5386
13.6124
13.6859
13.759
13.8316
13.9039
13.9759
14.0474
14.1186
14.1894
14.2599
14.33
14.3998
14.4693
14.5384
14.6071
14.6756
14.7437
14.8116
14.8791
14.9463
15.0132
15.0798
15.1461
15.2121
15.2779
15.3433
15.4085
15.4734
15.538
15.6024
15.6665
15.7303
15.7939
15.8572
15.9203
15.9831
16.0457
16.108
16.1701
16.2319
16.2935
16.3549
16.416
16.4769
16.5376
16.5981
16.6583
16.7184
16.7782
16.8378
16.8972
16.9564
17.0153
17.0741
17.1327
17.191
17.2492
17.3072
17.365
17.4226
17.48
17.5372
17.5942
17.651
17.7077
17.7641
17.8204
17.8766
17.9325
17.9883
18.0438
18.0993
18.1545
18.2096
18.2645
18.3193
18.3739
18.4283
18.4825
18.5367
18.5906
18.6444
18.698
18.7515
18.8048
18.858
18.911
18.9639
19.0167
19.0692
19.1217
19.174
19.2261
19.2781
19.33
19.3817
19.4333
19.4848
19.5361
19.5873
19.6384
19.6893
19.7401
19.7907
19.8413
19.8917
19.9419
19.9921
20.0421
20.092
20.1418
20.1914
20.2409
20.2903
20.3396
20.3888
20.4378
20.4868
20.5356
20.5843
20.6329
20.6813
20.7297
20.7779
20.826
20.8741
20.922
20.9698
21.0175
21.065
21.1125
21.1599
21.2071
21.2543
21.3013
21.3483
21.3951
21.4419
21.4885
21.535
21.5815
21.6278
21.674
21.7202
21.7662
21.8122
21.858
21.9038
21.9494
21.995
22.0404
22.0858
22.1311
22.1763
6.65288
8.15288
9.65288
11.1529
11.2425
11.3315
11.4197
11.5073
11.5942
11.6805
11.7661
11.8511
11.9354
12.0192
12.1024
12.1851
12.2671
12.3486
12.4296
12.5101
12.59
12.6694
12.7484
12.8268
12.9048
12.9823
13.0593
13.1359
13.212
13.2877
13.3629
13.4378
13.5122
13.5862
13.6598
13.733
13.8058
13.8783
13.9503
14.022
14.0933
14.1643
14.2349
14.3051
14.375
14.4446
14.5138
14.5827
14.6513
14.7195
14.7875
14.8551
14.9224
14.9894
15.0562
15.1226
15.1887
15.2545
15.3201
15.3854
15.4504
15.5151
15.5795
15.6437
15.7076
15.7713
15.8347
15.8979
15.9608
16.0234
16.0858
16.148
16.2099
16.2716
16.3331
16.3943
16.4553
16.5161
16.5766
16.6369
16.697
16.7569
16.8166
16.8761
16.9353
16.9944
17.0532
17.1119
17.1703
17.2285
17.2866
17.3444
17.4021
17.4596
17.5168
17.5739
17.6308
17.6875
17.7441
17.8004
17.8566
17.9126
17.9684
18.0241
18.0796
18.1349
18.19
18.245
18.2998
18.3545
18.4089
18.4633
18.5174
18.5714
18.6253
18.679
18.7325
18.7859
18.8391
18.8922
18.9451
18.9979
19.0506
19.103
19.1554
19.2076
19.2597
19.3116
19.3634
19.415
19.4665
19.5179
19.5691
19.6202
19.6712
19.722
19.7727
19.8233
19.8737
19.9241
19.9743
20.0243
20.0743
20.1241
20.1738
20.2233
20.2728
20.3221
20.3713
20.4204
20.4694
20.5182
20.567
20.6156
20.6641
20.7125
20.7608
20.8089
20.857
20.9049
20.9528
21.0005
21.0481
21.0956
21.143
21.1903
21.2375
21.2846
21.3316
21.3785
21.4252
21.4719
21.5185
21.565
21.6113
21.6576
21.7038
21.7499
21.7958
21.8417
21.8875
21.9332
21.9788
22.0243
22.0697
22.115
22.1602
22.2053
22.2504
22.2953
22.3402
22.3849
22.4296
22.4742
22.5187
22.5631
22.6074
22.6516
22.6958
22.7398
22.7838
22.8277
22.8715
22.9152
22.9589
23.0024
23.0459
23.0893
23.1326
23.1758
23.219
23.2621
23.305
23.348
23.3908
23.4335
23.4762
23.5188
23.5613
23.6038
23.6461
23.6884
23.7306
23.7728
23.8148
23.8568
23.8988
23.9406
23.9824
24.0241
24.0657
24.1072
24.1487
24.1901
24.2315
24.2727
24.3139
24.3551
24.3961
24.4371
24.478
24.5189
24.5597
24.6004
24.641
24.6816
24.7221
24.7626
24.803
24.8433
24.8835
24.9237
24.9639
25.0039
25.0439
25.0838
25.1237
25.1635
25.2032
25.2429
25.2825
25.3221
25.3616
25.401
25.4404
25.4797
25.5189
25.5581
25.5972
25.6363
25.6753
25.7143
25.7532
25.792
25.8308
25.8695
25.9081
25.9467
25.9853
26.0238
26.0622
26.1005
26.1389
26.1771
26.2153
26.2535
26.2916
26.3296
26.3676
26.4055
26.4434
26.4812
26.5189
26.5567
26.5943
26.6319
26.6695
26.707
26.7444
26.7818
26.8191
26.8564
26.8937
26.9308
26.968
27.0051
27.0421
27.0791
27.116
27.1529
27.1897
27.2265
27.2632
27.2999
27.3365
27.3731
27.4096
27.4461
27.4825
27.5189
27.5553
27.5916
27.6278
27.664
27.7001
27.7362
27.7723
27.8083
27.8443
27.8802
27.9161
27.9519
27.9876
28.0234
28.0591
28.0947
28.1303
28.1658
28.2013
28.2368
28.2722
28.3076
28.3429
28.3782
28.4134
28.4486
28.4838
28.5189
28.554
28.589
28.624
28.6589
28.6938
28.7286
28.7634
28.7982
28.8329
28.8676
28.9023
28.9369
28.9714
29.0059
29.0404
29.0748
29.1092
29.1436
29.1779
29.2122
29.2464
29.2806
29.3148
29.3489
29.3829
29.417
29.451
29.4849
8.84548
10.3455
11.8455
13.3455
14.8455
14.9128
14.9799
15.0466
15.1131
15.1793
15.2452
15.3108
15.3761
15.4411
15.5059
15.5704
15.6346
15.6985
15.7622
15.8257
15.8889
15.9518
16.0145
16.0769
16.1391
16.2011
16.2628
16.3243
16.3856
16.4466
16.5074
16.568
16.6283
16.6885
16.7484
16.8081
16.8676
16.9269
16.986
17.0448
17.1035
17.162
17.2202
17.2783
17.3362
17.3939
17.4514
17.5087
17.5658
17.6227
17.6795
17.736
5.32081
6.82081
8.32081
9.82081
9.92263
10.0234
10.1232
10.222
10.3198
10.4167
10.5127
10.6078
10.7021
10.7955
10.8882
10.98
11.0711
11.1614
11.251
11.3399
11.4281
11.5156
11.6024
11.6886
11.7741
11.8591
11.9434
12.0271
12.1103
12.1928
12.2749
12.3563
12.4373
12.5177
12.5975
12.6769
12.7558
12.8342
12.9121
12.9896
13.0666
13.1431
13.2192
13.2948
13.37
13.4448
13.5192
13.5932
13.6667
13.7399
13.8127
13.8851
13.9571
14.0288
14.1
14.171
14.2415
14.3118
14.3816
14.4512
14.5204
14.5892
14.6578
14.726
14.7939
14.8615
14.9288
14.9958
15.0625
15.1288
15.1949
15.2608
15.3263
15.3915
15.4565
15.5212
15.5856
15.6498
15.7137
15.7773
15.8407
15.9038
15.9667
16.0293
16.0917
16.1539
16.2158
16.2774
16.3389
16.4001
16.4611
16.5218
16.5823
16.6426
16.7027
16.7626
16.8223
16.8817
16.9409
17
17.0588
17.1174
17.1758
17.234
17.2921
17.3499
17.4075
17.465
17.5222
17.5793
17.6362
17.6929
17.7494
17.8058
17.8619
17.9179
17.9737
18.0294
18.0848
18.1401
18.1952
18.2502
18.305
18.3596
18.4141
18.4684
18.5225
18.5765
18.6304
18.684
18.7376
18.7909
18.8441
18.8972
18.9501
19.0029
19.0555
19.108
19.1603
19.2125
19.2646
19.3165
19.3683
19.4199
19.4714
19.5227
19.574
19.625
19.676
19.7268
19.7775
19.8281
19.8785
19.9288
19.979
20.0291
20.079
20.1288
20.1785
20.228
20.2775
20.3268
20.376
20.425
20.474
20.5228
20.5716
20.6202
20.6687
20.7171
20.7653
20.8135
20.8615
20.9095
20.9573
21.005
21.0526
21.1001
21.1475
21.1948
21.242
21.2891
21.336
21.3829
21.4297
21.4763
21.5229
21.5694
21.6157
21.662
21.7081
21.7542
21.8002
21.846
21.8918
21.9375
21.9831
22.0286
22.074
22.1193
22.1645
22.2096
22.2546
22.2996
22.3444
22.3892
22.4338
22.4784
22.5229
22.5673
22.6116
22.6558
22.7
22.744
22.788
22.8319
22.8757
22.9194
22.963
23.0066
23.05
23.0934
23.1367
23.1799
23.2231
23.2661
23.3091
23.352
23.3948
23.4376
23.4802
23.5228
23.5653
23.6078
23.6501
23.6924
23.7346
23.7768
23.8188
23.8608
23.9027
23.9446
23.9863
24.028
24.0696
24.1112
24.1526
24.194
24.2354
24.2766
24.3178
24.359
24.4
24.441
24.4819
24.5228
24.5635
24.6042
24.6449
24.6855
24.726
24.7664
24.8068
24.8471
24.8874
24.9275
24.9676
25.0077
25.0477
25.0876
25.1275
25.1673
25.207
25.2467
25.2863
25.3258
25.3653
25.4047
25.4441
25.4834
25.5226
25.5618
25.6009
7.68028
9.18028
10.6803
12.1803
13.6803
13.7534
13.8261
13.8984
13.9704
14.0419
14.1132
14.184
14.2545
14.3247
14.3945
14.464
14.5331
14.6019
14.6704
14.7386
14.8064
14.8739
14.9412
15.0081
15.0747
15.1411
15.2071
15.2729
15.3383
15.4035
15.4685
15.5331
15.5975
15.6616
15.7255
15.789
15.8524
15.9155
