1
2
3
4
5
6
7
8
9
10
11
12
13
14
15
16
17
18
19
20
21
22
23
24
25
26
27
28
29
30
31
32
33
34
35
36
37
38
39
40
41
42
43
44
45
46
47
48
49
50
51
52
53
54
55
56
57
58
59
60
61
62
63
64
65
66
67
68
69
70
71
72
73
74
75
76
77
78
79
80
81
82
83
84
85
86
87
88
89
90
91
92
93
94
95
96
97
98
99
100
101
102
103
104
105
106
107
108
109
110
111
112
113
114
115
116
117
118
119
120
121
122
123
124
125
126
127
128
129
130
131
132
133
134
135
136
137
138
139
140
141
142
143
144
145
146
147
148
149
150
151
152
153
154
155
156
157
158
159
160
161
162
163
164
165
166
167
168
169
170
171
172
173
174
175
176
177
178
179
180
181
182
183
184
185
186
187
188
189
190
191
192
193
194
195
196
197
198
199
200
201
202
203
204
205
206
207
208
209
210
211
212
213
214
215
216
217
218
219
220
221
222
223
224
225
226
227
228
229
230
231
232
233
234
235
236
237
23.7
24.7
25.7
26.7
27.7
28.7
29.7
30.7
31.7
32.7
33.7
34.7
35.7
36.7
37.7
38.7
39.7
40.7
41.7
42.7
43.7
44.7
45.7
46.7
47.7
48.7
49.7
50.7
51.7
52.7
53.7
54.7
55.7
56.7
57.7
58.7
59.7
60.7
61.7
62.7
63.7
64.7
65.7
66.7
67.7
68.7
69.7
70.7
71.7
72.7
73.7
74.7
75.7
76.7
77.7
78.7
79.7
80.7
81.7
82.7
83.7
84.7
85.7
86.7
87.7
88.7
89.7
90.7
91.7
92.7
93.7
94.7
95.7
96.7
97.7
98.7
99.7
100.7
101.7
102.7
103.7
104.7
105.7
106.7
107.7
108.7
109.7
110.7
111.7
112.7
113.7
114.7
115.7
116.7
11.67
12.67
13.67
14.67
15.67
16.67
17.67
18.67
19.67
20.67
21.67
22.67
23.67
24.67
25.67
26.67
27.67
28.67
29.67
30.67
31.67
32.67
33.67
34.67
3.467
4.467
5.467
6.467
7.467
8.467
9.467
10.467
11.467
12.467
13.467
14.467
15.467
16.467
17.467
17.4956
17.5242
17.5527
17.5812
17.6097
17.6381
17.6664
17.6947
17.723
17.7512
17.7793
17.8075
17.8355
17.8636
17.8916
17.9195
17.9474
17.9753
18.0031
18.0309
18.0586
18.0863
18.1139
18.1415
18.1691
18.1966
18.2241
18.2515
18.2789
18.3063
18.3336
18.3609
18.3881
18.4153
18.4424
18.4695
18.4966
18.5236
18.5506
18.5776
18.6045
18.6314
18.6582
18.685
18.7118
18.7385
18.7652
18.7918
18.8184
18.845
18.8715
18.898
18.9245
18.9509
18.9773
19.0036
19.0299
19.0562
19.0825
19.1087
19.1348
19.161
19.1871
19.2131
19.2391
19.2651
19.2911
19.317
19.3429
19.3687
19.3945
19.4203
19.4461
19.4718
19.4975
19.5231
19.5487
19.5743
19.5998
19.6254
19.6508
19.6763
19.7017
19.7271
19.7524
19.7777
19.803
19.8283
19.8535
19.8787
19.9038
19.9289
19.954
19.9791
20.0041
20.0291
20.0541
20.079
20.1039
20.1288
20.1536
20.1784
20.2032
20.2279
20.2527
20.2773
20.302
20.3266
20.3512
20.3758
20.4003
20.4248
20.4493
20.4738
20.4982
20.5226
20.547
20.5713
20.5956
20.6199
20.6441
20.6683
20.6925
20.7167
20.7408
20.7649
20.789
20.8131
20.8371
20.8611
20.8851
20.909
20.9329
20.9568
20.9807
21.0045
21.0283
21.0521
21.0758
21.0995
21.1232
21.1469
21.1706
21.1942
21.2178
21.2413
21.2649
21.2884
21.3119
21.3353
21.3588
21.3822
21.4056
21.4289
21.4522
21.4756
21.4988
21.5221
21.5453
21.5685
21.5917
21.6149
21.638
21.6611
21.6842
21.7073
21.7303
21.7533
21.7763
21.7992
21.8222
21.8451
21.868
21.8908
21.9137
21.9365
21.9593
21.9821
22.0048
22.0275
22.0502
22.0729
2.20729
3.20729
4.20729
5.20729
6.20729
7.20729
8.20729
9.20729
10.2073
11.2073
11.2519
11.2963
11.3406
1.13406
2.13406
3.13406
4.13406
5.13406
6.13406
6.21557
6.29602
6.37543
6.45386
6.53133
6.60788
6.68355
6.75836
6.83234
6.90553
6.97793
7.04959
7.12051
7.19073
7.26027
7.32913
7.39735
7.46495
7.53193
7.59831
7.66411
7.72935
7.79404
7.85819
7.92182
7.98494
8.04756
8.10969
8.17134
8.23253
8.29327
8.35356
8.41341
8.47284
8.53185
8.59045
8.64866
8.70647
8.7639
8.82095
8.87764
8.93396
8.98992
9.04554
9.10082
9.15576
9.21037
9.26465
9.31862
9.37228
9.42563
9.47867
9.53142
9.58388
9.63605
9.68794
9.73955
9.79089
9.84196
9.89276
9.9433
9.99359
10.0436
10.0934
10.1429
10.1922
10.2413
10.2901
10.3387
10.3871
10.4352
10.4831
10.5308
10.5783
10.6256
10.6726
10.7195
10.7661
10.8126
10.8588
10.9048
10.9507
10.9963
11.0418
11.0871
11.1322
11.1771
11.2218
11.2664
11.3108
11.355
11.399
11.4429
11.4866
11.5301
11.5735
11.6167
11.6597
11.7026
11.7453
11.7879
11.8303
11.8726
11.9147
11.9567
11.9985
12.0401
12.0817
12.1231
12.1643
12.2054
12.2464
12.2872
12.3279
1.23279
2.23279
3.23279
4.23279
5.23279
6.23279
6.31301
6.39221
6.47043
6.54771
1
2
3
4
4.125
4.24621
4.36396
4.47854
4.59018
4.69911
4.80551
4.90956
5.0114
5.11118
5.209
5.30499
5.39924
5.49184
5.58289
5.67245
5.76059
5.84739
5.9329
6.01717
6.10027
6.18223
6.26311
6.34294
6.42177
6.49963
6.57656
6.65259
6.72774
6.80206
6.87557
6.94829
7.02025
7.09147
7.16198
7.23179
7.30093
7.36942
7.43727
7.5045
7.57112
7.63716
7.70263
7.76754
7.83191
1
2
3
4
4.125
4.24621
4.36396
4.47854
4.59018
4.69911
4.80551
4.90956
5.0114
5.11118
5.209
5.30499
5.39924
5.49184
5.58289
5.67245
5.76059
5.84739
5.9329
6.01717
6.10027
6.18223
6.26311
6.34294
6.42177
6.49963
6.57656
6.65259
6.72774
6.80206
6.87557
6.94829
7.02025
7.09147
7.16198
7.23179
7.30093
7.36942
7.43727
7.5045
7.57112
7.63716
7.70263
7.76754
7.83191
7.89576
7.95908
8.0219
8.08423
8.14608
8.20746
8.26838
8.32885
8.38888
8.44849
8.50767
8.56644
8.62481
8.68278
8.74036
8.79757
8.8544
8.91087
8.96698
9.02274
9.07816
9.13324
9.18798
9.2424
9.2965
9.35028
9.40376
9.45693
9.5098
9.56238
9.61466
9.66667
9.71839
9.76984
9.82102
9.87193
9.92258
9.97297
10.0231
10.073
10.1226
10.172
10.2212
10.2701
10.3188
10.3672
10.4155
10.4635
10.5113
10.5588
10.6062
10.6533
10.7003
10.747
10.7935
10.8398
10.886
10.9319
10.9776
11.0232
11.0685
11.1137
11.1587
11.2035
11.2481
11.2926
11.3369
11.381
11.4249
11.4687
11.5123
11.5557
11.599
11.6421
11.685
11.7278
11.7704
11.8129
11.8552
11.8974
11.9394
11.9813
12.0231
12.0646
12.1061
12.1474
12.1885
12.2296
12.2705
12.3112
12.3518
12.3923
12.4326
12.4729
12.5129
12.5529
12.5927
12.6324
12.672
12.7115
12.7508
12.79
12.8291
12.8681
12.9069
12.9457
12.9843
13.0228
13.0612
13.0995
13.1377
13.1757
13.2137
13.2515
13.2892
13.3269
13.3644
13.4018
13.4391
13.4763
13.5134
13.5504
13.5873
13.6241
13.6608
13.6974
13.7339
13.7703
13.8066
13.8428
13.879
13.915
13.9509
13.9868
14.0225
14.0582
14.0937
14.1292
14.1646
14.1999
14.2351
14.2702
14.3053
14.3402
14.3751
14.4099
14.4446
14.4792
14.5137
14.5482
14.5825
14.6168
1.46168
2.46168
3.46168
4.46168
5.46168
6.46168
7.46168
7.52869
7.5951
7.66094
7.7262
7.79092
7.85509
7.91875
7.98189
8.04453
8.10668
8.16836
8.22957
8.29033
8.35064
8.41052
8.46997
8.529
8.58762
8.64585
8.70368
8.76112
8.81819
8.8749
8.93123
8.98722
9.04285
9.09814
9.1531
9.20773
9.26203
9.31601
9.36968
9.42305
9.47611
9.52887
9.58134
9.63353
9.68543
9.73706
9.78841
9.83949
9.8903
9.94086
9.99115
10.0412
10.091
10.1405
10.1898
10.2389
10.2878
10.3364
10.3847
10.4329
10.4808
10.5285
10.576
10.6233
10.6703
10.7172
10.7639
10.8103
10.8566
10.9026
10.9485
10.9941
11.0396
11.0849
11.13
11.1749
11.2197
11.2642
11.3086
11.3528
11.3969
11.4408
11.4845
11.528
11.5714
11.6146
11.6576
11.7005
11.7433
11.7858
11.8283
11.8705
11.9127
11.9546
11.9965
12.0381
12.0797
12.1211
12.1623
12.2034
12.2444
12.2852
12.3259
12.3665
12.4069
12.4472
12.4874
12.5274
12.5673
12.6071
12.6468
12.6863
12.7257
12.765
12.8042
12.8432
12.8822
12.921
12.9597
12.9983
13.0367
13.0751
13.1133
13.1515
13.1895
13.2274
13.2652
13.3029
13.3405
13.3779
13.4153
13.4526
13.4898
13.5268
13.5638
13.6006
13.6374
13.6741
13.7106
13.7471
13.7835
13.8198
13.8559
13.892
13.928
13.9639
13.9997
14.0354
14.0711
14.1066
14.142
14.1774
14.2127
14.2478
14.2829
14.3179
14.3529
14.3877
14.4224
14.4571
14.4917
14.5262
14.5606
14.595
14.6292
14.6634
14.6975
14.7315
14.7655
14.7993
14.8331
14.8668
14.9004
14.934
14.9675
15.0009
15.0342
15.0675
15.1007
15.1338
15.1668
15.1998
15.2327
15.2655
15.2983
15.3309
15.3636
15.3961
15.4286
15.461
15.4933
15.5256
15.5578
15.5899
15.622
15.654
15.686
15.7178
15.7496
15.7814
15.8131
15.8447
15.8762
15.9077
15.9392
15.9705
16.0018
16.0331
16.0643
16.0954
16.1265
16.1575
16.1884
16.2193
16.2501
16.2809
16.3116
16.3423
16.3729
16.4034
16.4339
16.4643
16.4947
16.525
16.5552
16.5854
16.6156
16.6457
16.6757
16.7057
16.7356
16.7655
16.7953
16.8251
16.8548
16.8845
16.9141
16.9437
16.9732
17.0026
17.032
17.0614
17.0907
17.12
17.1492
17.1783
17.2074
17.2365
17.2655
17.2944
17.3234
17.3522
17.381
17.4098
17.4385
17.4672
17.4958
17.5244
17.5529
17.5814
1.75814
2.75814
3.75814
4.75814
5.75814
6.75814
7.75814
8.75814
9.75814
9.80938
9.86035
9.91106
9.96151
10.0117
10.0616
10.1113
10.1608
10.21
10.259
10.3077
10.3562
10.4045
10.4525
10.5004
10.548
10.5954
10.6426
10.6896
10.7363
10.7829
10.8293
10.8755
10.9214
10.9672
11.0128
11.0582
11.1034
11.1485
11.1933
11.238
11.2825
11.3268
11.3709
11.4149
11.4587
11.5023
11.5458
11.5891
11.6323
11.6752
11.7181
11.7607
11.8032
11.8456
11.8878
11.9299
11.9718
12.0136
12.0552
12.0967
12.138
12.1792
12.2202
12.2611
12.3019
12.3426
12.3831
1.23831
2.23831
3.23831
4.23831
5.23831
6.23831
6.31846
6.39759
6.47575
6.55296
6.62926
6.70468
6.77926
6.85301
6.92597
6.99816
7.06961
7.14034
1
2
3
4
4.125
4.24621
4.36396
4.47854
4.59018
4.69911
4.80551
4.90956
5.0114
5.11118
5.209
5.30499
5.39924
5.49184
5.58289
5.67245
5.76059
5.84739
1
2
3
3.16667
3.32456
3.47496
3.61884
3.75701
3.89009
4.01863
4.14305
4.26373
4.381
4.49513
4.60636
4.71491
4.82095
4.92467
5.0262
5.12567
5.22322
5.31895
5.41295
5.50532
5.59614
5.68549
5.77343
5.86004
5.94536
6.02946
6.11239
6.19419
6.27491
6.35459
6.43328
6.511
6.58779
6.66369
6.73872
6.81292
6.88631
6.95892
7.03077
7.10188
7.17229
7.242
7.31104
7.37943
7.44719
7.51433
7.58087
7.64682
7.71221
7.77704
7.84133
7.9051
7.96835
8.0311
8.09335
8.15513
8.21644
8.2773
8.3377
8.39767
8.45721
8.51633
8.57504
8.63335
8.69127
8.7488
8.80595
8.86273
8.91914
8.9752
9.03091
9.08628
9.1413
9.196
9.25037
9.30442
9.35816
9.41159
9.46472
9.51755
9.57008
9.62233
9.67429
9.72597
9.77738
9.82852
9.87939
9.93
9.98035
10.0305
10.0803
10.1299
10.1793
10.2284
10.2773
10.3259
10.3743
10.4225
10.4705
10.5183
10.5658
10.6131
10.6602
10.7071
10.7538
10.8003
10.8466
10.8927
10.9386
10.9843
11.0299
11.0752
11.1203
11.1653
11.2101
11.2547
11.2991
11.3434
11.3874
11.4313
11.4751
11.5187
11.5621
11.6053
11.6484
11.6913
11.7341
11.7767
11.8191
11.8615
11.9036
11.9456
11.9875
12.0292
12.0707
12.1122
12.1534
12.1946
12.2356
12.2765
12.3172
12.3578
12.3982
12.4386
12.4788
12.5188
12.5588
12.5986
12.6383
12.6778
12.7173
12.7566
12.7958
12.8349
12.8738
12.9127
12.9514
12.99
13.0285
13.0668
13.1051
13.1433
13.1813
13.2192
13.2571
13.2948
13.3324
13.3699
13.4073
13.4446
13.4818
13.5189
13.5558
13.5927
13.6295
13.6662
13.7028
13.7393
13.7757
13.812
13.8482
13.8843
13.9203
13.9562
13.992
14.0278
14.0634
14.099
14.1344
14.1698
14.2051
14.2403
14.2754
14.3104
14.3454
14.3802
14.415
14.4497
14.4843
14.5188
14.5532
14.5876
14.6219
14.6561
14.6902
14.7242
14.7582
14.792
14.8258
14.8596
14.8932
14.9268
14.9603
14.9937
15.0271
15.0603
15.0935
15.1267
15.1597
15.1927
15.2256
15.2584
15.2912
15.3239
15.3565
15.3891
15.4216
15.454
1.5454
2.5454
3.5454
4.5454
5.5454
6.5454
7.5454
8.5454
8.60391
8.66203
8.71975
8.77709
8.83406
8.89066
8.94689
9.00278
9.05832
9.11352
9.16838
9.22291
9.27713
9.33102
9.38461
9.43789
9.49086
9.54355
9.59594
9.64804
9.69987
9.75141
9.80269
9.8537
9.90444
9.95492
10.0051
10.0551
10.1048
10.1543
10.2036
10.2526
10.3013
10.3499
10.3982
10.4463
10.4941
10.5418
10.5892
10.6364
1.06364
2.06364
3.06364
4.06364
5.06364
6.06364
6.1461
6.22745
6.30774
6.38701
6.4653
6.54263
6.61905
6.69459
6.76928
6.84314
6.91621
6.9885
7.06005
7.13087
7.20099
7.27042
7.33919
7.40732
7.47482
7.54171
7.60801
7.67373
7.73889
7.8035
7.86757
7.93112
7.99417
8.05671
1
2
3
4
5
5.1
5.19804
5.29423
5.38867
5.48146
5.57268
5.6624
5.7507
5.83765
5.9233
6.00771
6.09094
6.17303
6.25402
6.33397
6.41291
6.49088
6.56791
6.64404
6.71929
6.79371
6.8673
6.94011
7.01216
7.08346
7.15405
7.22394
7.29315
7.36171
7.42963
7.49693
7.56362
7.62973
7.69526
7.76024
7.82467
7.88857
7.95195
8.01483
8.07721
8.13912
8.20055
8.26152
8.32204
8.38212
8.44177
8.501
8.55982
8.61823
8.67625
8.73388
8.79112
8.848
8.90451
8.96066
9.01646
9.07191
9.12703
9.18181
9.23627
9.2904
9.34422
9.39773
9.45093
9.50384
9.55645
9.60877
9.66081
9.71256
9.76404
9.81525
9.86619
9.91687
9.96729
10.0175
10.0674
10.117
10.1665
10.2156
10.2646
10.3133
10.3618
10.41
10.4581
10.5059
10.5535
10.6008
10.648
10.695
10.7417
10.7883
10.8346
10.8808
10.9267
10.9725
11.018
11.0634
11.1086
11.1536
11.1984
11.2431
11.2876
11.3319
11.376
11.4199
11.4637
11.5073
11.5508
11.5941
11.6372
11.6802
11.723
11.7656
11.8081
11.8505
11.8927
11.9347
11.9766
12.0183
12.0599
12.1014
12.1427
12.1839
12.2249
12.2658
12.3066
12.3472
12.3877
12.4281
12.4683
12.5084
12.5484
12.5882
12.628
12.6676
12.707
12.7464
12.7856
12.8247
12.8637
12.9026
12.9413
12.98
13.0185
13.0569
13.0952
13.1334
13.1714
13.2094
13.2472
13.285
13.3226
13.3601
13.3976
13.4349
13.4721
13.5092
13.5462
13.5831
13.62
13.6567
13.6933
13.7298
13.7662
13.8025
13.8388
13.8749
1.38749
2.38749
3.38749
4.38749
5.38749
6.38749
7.38749
7.45517
7.52224
7.58871
7.6546
7.71992
7.78468
7.84891
7.91261
7.97581
8.03849
8.1007
1
2
3
4
5
5.1
5.19804
5.29423
5.38867
5.48146
5.57268
5.6624
5.7507
5.83765
5.9233
6.00771
6.09094
6.17303
6.25402
6.33397
6.41291
6.49088
6.56791
6.64404
6.71929
6.79371
6.8673
6.94011
7.01216
7.08346
7.15405
7.22394
7.29315
7.36171
7.42963
7.49693
7.56362
7.62973
7.69526
7.76024
7.82467
7.88857
7.95195
8.01483
8.07721
8.13912
8.20055
8.26152
8.32204
8.38212
8.44177
8.501
8.55982
8.61823
8.67625
8.73388
8.79112
8.848
8.90451
8.96066
9.01646
9.07191
9.12703
9.18181
9.23627
9.2904
9.34422
9.39773
9.45093
9.50384
9.55645
9.60877
9.66081
9.71256
9.76404
9.81525
9.86619
9.91687
9.96729
10.0175
10.0674
10.117
10.1665
10.2156
10.2646
10.3133
10.3618
10.41
10.4581
10.5059
10.5535
10.6008
10.648
10.695
10.7417
10.7883
10.8346
10.8808
10.9267
10.9725
1.09725
2.09725
3.09725
4.09725
5.09725
6.09725
6.17925
6.26017
6.34004
6.4189
6.4968
6.57376
6.64982
6.72501
6.79936
6.87289
6.94564
7.01763
7.08888
7.15941
7.22925
7.29841
7.36692
7.43479
7.50204
7.56869
7.63475
7.70024
7.76518
1
2
3
4
4.125
4.24621
4.36396
4.47854
4.59018
4.69911
4.80551
4.90956
5.0114
5.11118
5.209
5.30499
5.39924
5.49184
5.58289
5.67245
5.76059
5.84739
5.9329
6.01717
6.10027
6.18223
6.26311
6.34294
6.42177
6.49963
6.57656
6.65259
6.72774
6.80206
6.87557
6.94829
7.02025
7.09147
7.16198
7.23179
7.30093
7.36942
7.43727
7.5045
7.57112
7.63716
7.70263
7.76754
7.83191
7.89576
7.95908
8.0219
8.08423
8.14608
8.20746
8.26838
8.32885
8.38888
8.44849
8.50767
8.56644
8.62481
8.68278
8.74036
8.79757
8.8544
8.91087
8.96698
9.02274
9.07816
9.13324
9.18798
9.2424
9.2965
9.35028
9.40376
9.45693
9.5098
9.56238
9.61466
9.66667
9.71839
9.76984
9.82102
9.87193
9.92258
9.97297
10.0231
10.073
1.0073
2.0073
3.0073
4.0073
5.0073
6.0073
6.09053
6.17263
6.25363
6.33358
6.41253
6.4905
6.56753
6.64367
6.71893
6.79334
6.86694
6.93976
7.01181
7.08311
7.1537
7.2236
7.29282
7.36138
7.4293
7.4966
7.5633
7.62941
7.69494
7.75992
7.82435
7.88826
7.95164
8.01452
8.07691
8.13881
8.20025
8.26122
8.32174
8.38183
8.44148
8.50071
8.55953
8.61794
8.67596
8.73359
8.79084
8.84772
8.90423
8.96039
9.01619
9.07164
9.12676
9.18154
9.236
9.29014
9.34396
9.39747
9.45067
9.50358
9.55619
9.60851
9.66055
9.71231
9.76379
9.815
9.86594
9.91662
9.96704
10.0172
10.0671
10.1168
10.1662
10.2154
10.2643
10.3131
10.3615
10.4098
10.4578
10.5056
10.5532
10.6006
10.6478
10.6947
10.7415
10.788
10.8344
10.8805
10.9265
10.9722
11.0178
11.0632
11.1084
11.1534
11.1982
11.2429
11.2873
11.3316
11.3758
11.4197
11.4635
11.5071
11.5506
11.5939
11.637
11.68
11.7228
11.7654
11.8079
11.8503
11.8925
11.9345
11.9764
12.0181
12.0597
12.1012
12.1425
12.1837
12.2247
12.2656
12.3064
12.347
12.3875
12.4279
12.4681
12.5082
12.5482
12.588
12.6278
12.6674
12.7068
12.7462
12.7854
12.8245
12.8635
12.9024
12.9411
12.9798
13.0183
13.0567
13.095
13.1332
13.1712
13.2092
13.2471
13.2848
13.3224
13.36
13.3974
13.4347
13.4719
13.509
13.5461
13.583
13.6198
13.6565
13.6931
13.7296
13.766
13.8024
13.8386
13.8747
13.9107
13.9467
13.9825
14.0183
14.054
14.0895
14.125
14.1604
14.1957
14.231
14.2661
14.3011
14.3361
14.371
14.4058
14.4405
14.4751
14.5097
14.5441
14.5785
14.6128
14.647
14.6811
14.7152
14.7492
14.7831
14.8169
14.8506
14.8843
14.9179
14.9514
14.9849
15.0182
15.0515
15.0847
15.1179
15.151
15.184
15.2169
15.2498
15.2825
15.3153
15.3479
15.3805
15.413
15.4454
15.4778
15.5101
15.5423
15.5745
15.6066
15.6387
15.6706
15.7025
15.7344
15.7662
15.7979
15.8295
15.8611
1.58611
2.58611
3.58611
4.58611
5.58611
6.58611
7.58611
8.58611
8.64434
8.70219
8.75964
8.81672
8.87343
8.92978
8.98577
9.04142
9.09672
9.15168
9.20632
9.26063
9.31462
9.3683
9.42167
9.47474
9.52751
9.57999
9.63218
9.68409
9.73572
9.78708
9.83817
9.88899
9.93955
9.98986
10.0399
10.0897
10.1393
10.1886
10.2377
10.2865
10.3351
10.3835
10.4316
10.4796
10.5273
10.5748
10.6221
10.6691
10.716
10.7626
10.8091
10.8554
10.9014
10.9473
10.993
11.0384
11.0837
11.1289
11.1738
11.2185
11.2631
11.3075
11.3517
11.3958
11.4396
11.4833
11.5269
11.5703
11.6135
11.6565
11.6994
11.7422
11.7847
11.8272
11.8694
11.9116
11.9535
11.9954
12.0371
12.0786
12.12
12.1612
12.2024
12.2433
12.2842
12.3249
12.3654
12.4059
12.4462
12.4864
12.5264
12.5663
12.6061
12.6458
12.6853
12.7247
12.764
12.8032
12.8422
12.8812
12.92
12.9587
12.9973
13.0357
13.0741
13.1123
13.1505
13.1885
13.2264
13.2642
13.3019
13.3395
13.377
13.4144
13.4516
13.4888
13.5259
13.5628
13.5997
13.6365
13.6731
13.7097
13.7462
13.7825
13.8188
13.855
13.8911
13.9271
13.963
13.9988
14.0345
14.0701
14.1057
14.1411
14.1765
14.2117
14.2469
14.282
14.317
14.352
14.3868
14.4216
14.4562
14.4908
14.5253
14.5597
14.5941
14.6283
14.6625
14.6966
14.7306
14.7646
14.7984
14.8322
14.8659
14.8996
14.9331
14.9666
15
15.0334
15.0666
15.0998
15.1329
15.166
15.1989
15.2318
15.2647
15.2974
15.3301
15.3627
15.3953
15.4277
15.4601
15.4925
15.5248
15.557
15.5891
15.6212
15.6532
15.6851
15.717
15.7488
15.7806
15.8122
15.8439
15.8754
15.9069
15.9384
15.9697
16.001
16.0323
16.0635
16.0946
16.1257
16.1567
16.1876
16.2185
16.2493
16.2801
16.3108
16.3415
16.3721
16.4026
16.4331
16.4635
16.4939
16.5242
16.5545
16.5847
16.6148
16.6449
16.6749
16.7049
16.7349
16.7647
16.7946
16.8243
16.8541
16.8837
16.9133
16.9429
16.9724
17.0019
17.0313
17.0606
17.0899
17.1192
17.1484
17.1776
17.2067
17.2357
17.2647
17.2937
17.3226
17.3515
17.3803
17.4091
17.4378
17.4665
17.4951
17.5237
17.5522
17.5807
17.6091
17.6375
17.6659
17.6942
17.7224
17.7506
17.7788
17.8069
17.835
17.863
17.891
17.919
17.9469
17.9747
18.0026
18.0303
18.0581
18.0858
18.1134
18.141
18.1686
18.1961
18.2236
18.251
18.2784
18.3058
18.3331
18.3603
18.3876
18.4148
18.4419
18.469
18.4961
18.5231
18.5501
18.5771
18.604
18.6309
18.6577
18.6845
18.7113
18.738
18.7647
18.7913
18.8179
18.8445
18.871
18.8975
18.924
18.9504
18.9768
19.0031
19.0294
19.0557
19.082
19.1082
19.1343
19.1605
19.1866
19.2126
19.2386
19.2646
19.2906
19.3165
19.3424
19.3682
19.3941
19.4198
19.4456
19.4713
19.497
19.5226
19.5482
19.5738
19.5994
19.6249
19.6503
19.6758
19.7012
19.7266
19.7519
19.7772
19.8025
19.8278
19.853
19.8782
19.9033
19.9284
19.9535
19.9786
20.0036
20.0286
20.0536
20.0785
20.1034
20.1283
20.1531
20.1779
20.2027
20.2275
20.2522
20.2769
20.3015
20.3262
20.3508
20.3753
20.3999
20.4244
20.4489
20.4733
20.4977
20.5221
20.5465
20.5708
20.5951
20.6194
20.6437
20.6679
20.6921
20.7162
20.7404
20.7645
20.7886
20.8126
20.8366
20.8606
20.8846
20.9085
20.9325
20.9563
20.9802
21.004
21.0278
2.10278
3.10278
4.10278
5.10278
6.10278
7.10278
8.10278
9.10278
10.1028
11.1028
11.1478
11.1927
11.2373
11.2818
11.3262
11.3703
11.4143
11.4581
11.5017
11.5452
11.5885
11.6316
11.6746
11.7175
11.7601
11.8026
11.845
11.8872
11.9293
11.9712
12.013
12.0546
12.0961
12.1374
12.1786
12.2196
12.2606
12.3013
12.342
12.3825
12.4229
12.4631
12.5033
12.5432
12.5831
12.6228
12.6625
12.7019
12.7413
12.7805
12.8197
12.8587
1.28587
2.28587
3.28587
4.28587
5.28587
6.28587
7.28587
7.35449
7.42248
7.48984
7.5566
7.62277
7.68836
7.75339
7.81788
7.88184
7.94527
8.0082
8.07064
8.13259
8.19407
8.25509
8.31566
8.37579
8.43549
8.49476
8.55362
8.61207
8.67013
8.7278
8.78509
8.842
8.89855
8.95474
9.01058
9.06607
9.12122
9.17604
9.23052
9.28469
9.33855
9.39209
9.44532
9.49826
9.5509
9.60325
9.65532
9.7071
9.75861
9.80985
9.86082
9.91152
9.96197
10.0122
10.0621
10.1118
10.1612
10.2104
10.2594
10.3081
10.3567
10.4049
10.453
10.5008
10.5484
10.5958
10.643
10.69
10.7368
10.7833
10.8297
10.8759
10.9219
10.9676
11.0132
11.0586
11.1038
11.1489
11.1937
11.2384
11.2829
11.3272
11.3713
11.4153
11.4591
11.5027
11.5462
11.5895
11.6326
11.6756
11.7185
11.7611
11.8036
11.846
11.8882
11.9303
11.9722
12.0139
12.0556
12.097
12.1384
12.1796
12.2206
12.2615
12.3023
12.3429
12.3835
12.4238
12.4641
12.5042
12.5442
12.584
12.6238
12.6634
12.7029
12.7422
12.7815
12.8206
12.8596
12.8985
12.9372
12.9759
13.0144
13.0528
13.0911
13.1293
13.1674
13.2054
13.2432
13.281
13.3186
13.3562
13.3936
13.431
13.4682
13.5053
13.5423
13.5792
13.6161
13.6528
13.6894
13.7259
13.7624
13.7987
13.8349
13.8711
13.9071
13.9431
13.9789
14.0147
14.0504
14.086
14.1215
14.1569
14.1922
14.2274
14.2626
14.2976
14.3326
14.3675
14.4023
14.437
14.4716
14.5062
14.5406
14.575
14.6093
14.6436
14.6777
14.7118
14.7458
14.7797
14.8135
14.8472
14.8809
14.9145
14.948
14.9815
15.0149
15.0482
15.0814
15.1146
15.1476
15.1806
15.2136
15.2464
15.2792
15.312
15.3446
15.3772
15.4097
15.4422
15.4745
15.5069
15.5391
15.5713
15.6034
15.6354
15.6674
15.6993
15.7312
15.763
15.7947
15.8263
15.8579
15.8895
15.9209
15.9523
15.9837
16.0149
16.0462
16.0773
16.1084
16.1395
16.1704
16.2014
16.2322
16.263
16.2938
16.3245
16.3551
16.3857
16.4162
16.4466
16.477
16.5074
16.5377
16.5679
16.5981
16.6282
16.6583
16.6883
16.7183
16.7482
16.778
16.8078
16.8376
16.8673
16.8969
16.9265
16.956
16.9855
17.015
17.0443
17.0737
17.103
17.1322
17.1614
17.1905
17.2196
17.2486
17.2776
17.3066
17.3355
17.3643
17.3931
17.4218
17.4505
17.4792
17.5078
17.5364
17.5649
17.5933
17.6218
17.6501
17.6785
17.7067
17.735
17.7632
17.7913
17.8194
17.8475
17.8755
17.9035
17.9314
17.9593
17.9871
18.0149
18.0427
18.0704
18.0981
18.1257
18.1533
1.81533
2.81533
3.81533
4.81533
5.81533
6.81533
7.81533
8.81533
9.81533
9.86627
9.91695
9.96736
10.0175
10.0674
10.1171
10.1665
10.2157
10.2647
10.3134
10.3618
10.4101
10.4581
10.5059
10.5535
10.6009
10.6481
10.695
10.7418
10.7883
10.8347
10.8808
10.9268
10.9725
11.0181
11.0635
11.1087
11.1537
