4
5
6
7
8
9
10
11
12
13
14
15
16
17
18
19
20
21
22
23
24
25
26
27
28
29
30
31
32
33
34
35
36
37
38
39
40
41
42
43
44
45
46
47
48
49
50
51
52
53
54
55
56
57
58
59
60
61
62
63
64
65
66
67
68
69
70
71
72
73
74
75
76
77
78
79
80
81
82
83
84
85
86
87
88
89
90
91
92
93
94
95
96
97
98
99
100
101
102
103
104
105
106
107
108
109
110
111
112
113
114
115
116
117
118
119
120
121
122
123
124
125
126
127
128
129
130
131
132
133
134
135
136
137
138
139
140
141
142
143
144
145
146
147
148
149
150
151
152
153
154
155
156
157
158
159
160
161
162
163
164
165
166
167
168
169
170
171
172
173
174
175
176
177
178
179
180
181
182
183
184
185
186
187
188
189
190
191
192
193
194
195
196
197
198
199
200
201
202
203
204
205
206
207
208
209
210
211
212
213
214
215
216
217
218
219
220
221
222
223
224
225
226
227
228
229
230
231
232
233
234
235
236
237
238
239
240
24
25
26
27
28
29
30
31
32
33
34
35
36
37
38
39
40
41
42
43
44
45
46
47
48
49
50
51
52
53
54
55
56
57
58
59
60
61
62
63
64
65
66
67
68
69
70
71
72
73
74
75
76
77
78
79
80
81
82
83
84
85
86
87
88
89
90
91
92
93
94
95
96
97
98
99
100
101
102
103
104
105
106
107
108
109
110
111
112
113
114
115
116
117
11.7
12.7
13.7
14.7
15.7
16.7
17.7
18.7
19.7
20.7
21.7
22.7
23.7
24.7
25.7
26.7
27.7
28.7
29.7
30.7
31.7
32.7
33.7
34.7
3.47
4.47
5.47
6.47
7.47
8.47
9.47
10.47
11.47
12.47
13.47
14.47
15.47
16.47
17.47
17.5272
17.5843
17.6412
17.6978
17.7544
17.8107
17.8668
17.9228
17.9786
18.0342
18.0897
18.1449
18.2001
18.255
18.3098
18.3644
18.4188
18.4731
18.5273
18.5812
18.6351
18.6887
18.7422
18.7956
18.8488
18.9018
18.9548
19.0075
19.0601
19.1126
19.1649
19.2171
19.2691
19.321
19.3728
19.4244
19.4759
19.5272
19.5784
19.6295
19.6805
19.7313
19.7819
19.8325
19.8829
19.9332
19.9834
20.0334
20.0833
20.1331
20.1828
20.2323
20.2818
20.3311
20.3803
20.4293
20.4783
20.5271
20.5758
20.6244
20.6729
20.7213
20.7695
20.8177
20.8657
20.9137
20.9615
21.0092
21.0568
21.1043
21.1517
21.1989
21.2461
21.2932
21.3401
21.387
21.4338
21.4804
21.527
21.5734
21.6198
21.666
21.7122
21.7582
21.8042
21.8501
21.8958
21.9415
21.9871
22.0325
22.0779
22.1232
22.1684
22.2135
22.2586
22.3035
22.3483
22.3931
22.4377
22.4823
22.5268
22.5712
22.6155
22.6597
22.7038
22.7479
22.7918
22.8357
22.8795
22.9232
22.9668
23.0104
23.0538
23.0972
23.1405
23.1837
23.2268
23.2699
23.3129
23.3558
23.3986
23.4413
23.484
23.5266
23.5691
23.6115
23.6538
23.6961
23.7383
23.7804
23.8225
23.8645
23.9064
23.9482
23.99
24.0316
24.0733
24.1148
24.1563
24.1977
24.239
24.2802
24.3214
24.3626
24.4036
24.4446
24.4855
24.5263
24.5671
24.6078
24.6484
24.689
24.7295
24.77
24.8103
24.8506
24.8909
24.931
24.9712
25.0112
25.0512
25.0911
25.131
25.1707
25.2105
25.2501
25.2897
25.3293
25.3688
25.4082
25.4475
25.4868
25.5261
25.5653
25.6044
25.6434
25.6824
25.7214
25.7602
25.7991
25.8378
25.8765
2.58765
3.58765
4.58765
5.58765
6.58765
7.58765
8.58765
9.58765
10.5877
11.5877
12.5877
13.5877
13.6612
1.36612
2.36612
3.36612
4.36612
5.36612
6.36612
7.36612
7.50188
7.63518
7.76615
7.89492
8.02158
8.14625
8.269
8.38993
8.50913
8.62665
8.74257
8.85695
8.96985
9.08134
9.19146
9.30025
9.40778
9.51407
9.61918
9.72314
9.82598
9.92776
10.0285
10.1282
10.2269
10.3247
10.4216
10.5175
10.6126
10.7068
10.8002
10.8928
10.9846
11.0757
11.1659
11.2555
11.3444
11.4325
11.52
11.6068
11.6929
11.7785
11.8634
11.9476
12.0313
12.1145
12.197
12.279
12.3604
12.4413
12.5217
12.6016
12.6809
12.7598
12.8382
12.9161
12.9935
13.0704
13.1469
13.223
13.2986
13.3738
13.4486
13.523
13.5969
13.6705
13.7436
13.8164
13.8887
13.9607
14.0324
14.1036
14.1745
14.2451
14.3153
14.3851
14.4547
14.5238
14.5927
14.6612
14.7294
14.7973
14.8649
14.9322
14.9991
15.0658
15.1322
15.1983
15.2641
15.3296
15.3948
15.4598
15.5245
15.5889
15.653
15.7169
15.7805
15.8439
15.907
15.9699
16.0325
16.0949
16.157
16.2189
16.2806
16.342
16.4032
16.4641
16.5249
16.5854
16.6457
16.7058
16.7656
1.67656
2.67656
3.67656
4.67656
5.67656
6.67656
7.67656
8.67656
8.79181
8.90556
1
2
3
4
5
5.2
5.39231
5.57776
5.75704
5.93074
6.09935
6.26331
6.42297
6.57866
6.73066
6.87924
7.0246
7.16696
7.30649
7.44335
7.5777
7.70967
7.83937
7.96694
8.09245
8.21603
8.33774
8.45768
8.57591
8.69252
8.80756
8.9211
9.03319
9.14389
9.25326
9.36133
9.46815
9.57377
9.67822
9.78154
9.88378
9.98495
10.0851
10.1843
10.2825
10.3797
10.476
10.5715
10.6661
1.06661
2.06661
3.06661
4.06661
5.06661
6.06661
6.23145
6.39192
6.54837
6.70108
6.85031
6.99629
7.13922
7.27929
7.41667
7.5515
7.68392
7.81407
7.94204
8.06795
8.1919
8.31397
8.43425
8.55282
8.66974
8.78508
8.89891
9.01128
9.12225
9.23188
9.3402
9.44726
9.55311
9.65779
9.76133
9.86378
9.96516
10.0655
10.1649
10.2632
10.3607
10.4572
10.5528
10.6476
10.7415
10.8346
10.9269
11.0184
11.1092
11.1992
11.2885
11.3771
11.465
11.5522
11.6387
11.7247
11.81
11.8946
11.9787
12.0622
12.1451
12.2274
12.3092
12.3904
12.4712
12.5513
12.631
12.7102
12.7889
12.8671
12.9448
13.022
13.0988
13.1752
13.2511
13.3265
13.4016
13.4762
13.5504
13.6242
13.6976
13.7706
13.8432
13.9154
13.9873
14.0588
14.1299
14.2007
14.2711
14.3412
14.4109
14.4803
14.5494
14.6181
14.6865
14.7546
14.8224
14.8898
14.957
15.0239
15.0904
15.1567
15.2227
15.2884
15.3538
15.4189
15.4838
15.5483
15.6127
15.6767
15.7405
15.804
15.8673
15.9303
15.9931
16.0556
16.1179
16.1799
16.2418
16.3033
16.3647
16.4258
16.4866
16.5473
16.6077
16.6679
16.7279
16.7877
16.8473
16.9066
16.9658
17.0247
17.0835
17.142
17.2003
17.2585
17.3164
17.3742
17.4317
17.4891
17.5463
17.6033
17.6601
17.7167
17.7731
17.8294
17.8855
17.9414
17.9971
18.0527
18.1081
18.1633
18.2184
18.2733
18.328
18.3826
18.437
18.4912
18.5453
18.5992
18.653
18.7066
18.76
18.8133
18.8665
18.9195
18.9724
19.0251
19.0776
19.13
19.1823
19.2344
19.2864
19.3383
19.39
19.4416
19.493
19.5443
19.5955
19.6465
19.6974
19.7482
19.7988
19.8493
19.8997
19.9499
20.0001
20.0501
20.0999
20.1497
20.1993
20.2488
20.2982
20.3475
20.3966
20.4457
20.4946
20.5434
20.592
20.6406
20.6891
2.06891
3.06891
4.06891
5.06891
6.06891
7.06891
8.06891
9.06891
10.0689
11.0689
11.1592
11.2489
11.3378
11.426
11.5135
11.6003
11.6865
11.7721
11.8571
11.9414
12.0251
12.1083
12.1909
12.2729
12.3544
12.4353
12.5157
12.5956
12.675
12.7539
12.8323
12.9103
12.9877
13.0647
13.1413
13.2174
13.293
13.3682
13.4431
13.5174
13.5914
13.665
13.7382
13.811
13.8834
13.9554
14.0271
14.0983
14.1693
14.2399
14.3101
14.38
14.4495
14.5187
14.5876
14.6561
14.7244
14.7923
14.8599
14.9272
14.9942
15.0609
15.1273
15.1934
15.2592
15.3247
15.39
15.4549
15.5197
15.5841
15.6483
15.7122
15.7758
15.8392
15.9023
15.9652
16.0278
16.0902
16.1524
16.2143
16.276
16.3374
16.3986
16.4596
16.5204
16.5809
16.6412
16.7013
16.7612
16.8208
16.8803
16.9395
16.9986
17.0574
17.116
17.1744
17.2327
17.2907
17.3485
17.4062
17.4636
17.5209
17.578
17.6348
17.6915
17.7481
17.8044
17.8606
17.9166
17.9724
18.028
18.0835
18.1388
18.1939
18.2489
18.3037
18.3583
18.4128
18.4671
18.5213
18.5752
18.6291
18.6828
18.7363
18.7897
18.8429
18.8959
18.9489
19.0016
19.0543
19.1068
19.1591
19.2113
19.2633
19.3152
19.367
19.4187
19.4702
19.5215
19.5727
19.6238
19.6748
19.7256
19.7763
19.8269
19.8773
19.9276
19.9778
20.0279
20.0778
20.1276
20.1773
20.2268
20.2763
20.3256
20.3748
20.4239
20.4728
20.5217
20.5704
20.619
20.6675
20.7159
20.7642
20.8123
20.8604
20.9083
20.9562
21.0039
21.0515
21.099
21.1464
21.1937
21.2409
21.2879
21.3349
21.3818
21.4285
21.4752
21.5218
21.5682
21.6146
21.6609
21.707
21.7531
21.7991
21.845
21.8907
21.9364
21.982
22.0275
22.0729
22.1182
22.1634
22.2085
22.2536
22.2985
22.3433
22.3881
22.4328
22.4773
22.5218
22.5662
22.6105
22.6548
22.6989
22.743
22.7869
22.8308
22.8746
22.9183
22.962
23.0055
23.049
23.0924
23.1357
23.1789
23.222
23.2651
23.3081
23.351
23.3938
23.4366
23.4792
23.5218
23.5643
23.6068
23.6491
23.6914
23.7336
23.7758
23.8178
23.8598
23.9017
23.9436
23.9853
24.027
24.0686
24.1102
24.1517
24.1931
24.2344
24.2757
24.3169
24.358
24.399
24.44
24.4809
24.5218
24.5626
24.6033
24.6439
24.6845
24.725
24.7655
24.8058
24.8461
24.8864
24.9266
24.9667
2.49667
3.49667
4.49667
5.49667
6.49667
7.49667
8.49667
9.49667
10.4967
11.4967
12.4967
12.5767
12.6562
12.7352
12.8137
12.8918
12.9693
13.0465
13.1231
13.1993
13.2751
13.3504
13.4253
13.4998
13.5739
13.6475
13.7208
13.7937
13.8662
13.9383
14.01
14.0814
14.1524
14.2231
14.2934
14.3634
14.433
14.5023
14.5712
14.6399
14.7082
14.7762
14.8438
14.9112
14.9783
15.045
15.1115
15.1777
15.2436
15.3092
15.3745
15.4395
15.5043
15.5688
15.633
15.697
15.7607
15.8241
15.8873
15.9503
16.013
16.0754
16.1376
16.1996
16.2613
16.3228
16.3841
1.63841
2.63841
3.63841
4.63841
5.63841
6.63841
7.63841
8.63841
8.75417
8.8684
8.98116
9.09251
9.20249
9.31115
9.41855
9.52472
9.62971
9.73356
1
2
3
4
5
5.2
5.39231
5.57776
5.75704
5.93074
6.09935
6.26331
6.42297
6.57866
6.73066
6.87924
7.0246
7.16696
7.30649
7.44335
7.5777
7.70967
1
2
3
4
4.25
4.48529
4.70824
4.92064
5.12386
5.31903
5.50703
5.68862
5.86441
6.03493
6.20063
6.36191
6.51909
6.67249
6.82236
6.96893
7.11243
7.25303
7.3909
7.5262
7.65907
7.78963
7.91801
8.0443
8.16862
8.29104
8.41165
8.53053
8.64776
8.76339
8.8775
8.99015
9.10138
9.21125
9.31982
9.42712
9.53319
9.63809
9.74184
9.84449
9.94607
10.0466
10.1462
10.2447
10.3423
10.439
10.5348
10.6297
10.7238
10.8171
10.9095
11.0012
11.0921
11.1822
11.2716
11.3604
11.4484
11.5357
11.6224
11.7085
11.7939
11.8787
11.9629
12.0464
12.1295
12.2119
12.2938
12.3751
12.4559
12.5362
12.616
12.6953
12.774
12.8523
12.9301
13.0075
13.0843
13.1608
13.2367
13.3123
13.3874
13.4621
13.5364
13.6103
13.6837
13.7568
13.8295
13.9018
13.9737
14.0453
14.1165
14.1873
14.2578
14.328
14.3978
14.4672
14.5363
14.6051
14.6736
14.7418
14.8096
14.8771
14.9443
15.0112
15.0779
15.1442
15.2102
15.276
15.3414
15.4066
15.4715
15.5361
15.6005
15.6646
15.7285
15.792
15.8554
15.9184
15.9812
16.0438
16.1061
16.1682
16.2301
16.2917
16.3531
16.4142
16.4752
16.5359
16.5963
16.6566
16.7166
16.7764
16.836
16.8954
16.9546
17.0136
17.0724
17.131
17.1893
17.2475
17.3055
17.3633
17.4209
17.4783
17.5355
17.5925
17.6494
17.706
17.7625
17.8188
17.8749
17.9309
17.9866
18.0422
18.0976
18.1529
18.208
18.2629
18.3177
18.3723
18.4267
18.481
18.5351
18.589
18.6428
18.6965
18.7499
18.8033
18.8565
18.9095
18.9624
19.0151
19.0677
19.1201
19.1724
19.2246
19.2766
19.3285
19.3802
19.4318
19.4833
19.5346
19.5858
19.6369
19.6878
19.7386
19.7892
19.8398
19.8902
19.9405
19.9906
20.0406
20.0905
20.1403
20.19
20.2395
20.2889
20.3382
20.3874
20.4364
20.4853
20.5341
20.5828
20.6314
20.6799
20.7283
20.7765
20.8246
20.8727
20.9206
20.9684
21.0161
21.0636
21.1111
21.1585
21.2057
21.2529
21.3
21.3469
21.3937
21.4405
21.4871
21.5337
21.5801
21.6264
21.6727
21.7188
21.7649
2.17649
3.17649
4.17649
5.17649
6.17649
7.17649
8.17649
9.17649
10.1765
11.1765
11.266
11.3547
11.4428
11.5302
11.6169
11.703
11.7884
11.8733
11.9575
12.0411
12.1242
12.2067
12.2886
12.37
12.4508
12.5311
12.6109
12.6902
12.769
12.8473
12.9252
13.0025
13.0794
13.1559
13.2319
13.3075
13.3826
13.4573
13.5317
13.6056
13.6791
13.7522
13.8249
13.8972
13.9692
14.0408
14.112
14.1828
1.41828
2.41828
3.41828
4.41828
5.41828
6.41828
7.41828
7.55309
7.68548
7.8156
7.94355
8.06943
8.19336
8.31541
8.43567
8.55421
8.67111
8.78644
8.90025
9.01261
9.12356
9.23317
9.34147
9.44852
9.55436
9.65902
9.76256
9.86499
9.96636
10.0667
10.166
10.2644
10.3618
10.4583
1.04583
2.04583
3.04583
4.04583
5.04583
6.04583
6.21124
6.37223
6.52917
6.68232
6.83197
6.97834
7.12164
7.26206
7.39976
7.5349
7.66762
7.79804
7.92627
8.05244
8.17662
8.29892
8.41942
8.53819
8.65531
8.77085
8.88486
8.99742
9.10856
9.21835
9.32682
9.43404
9.54004
9.64486
9.74854
9.85112
9.95264
10.0531
10.1526
10.2511
10.3486
10.4453
10.541
10.6359
10.7299
10.8231
10.9155
11.0071
11.0979
11.1881
11.2774
11.3661
11.4541
11.5414
11.628
11.714
11.7994
11.8842
11.9683
12.0519
12.1348
12.2172
12.2991
12.3804
12.4612
12.5414
12.6212
12.7004
12.7791
12.8574
12.9351
13.0125
13.0893
13.1657
13.2417
13.3172
13.3923
13.4669
13.5412
13.615
13.6885
13.7615
13.8342
13.9065
13.9784
14.0499
14.1211
14.1919
14.2624
14.3325
14.4023
14.4717
14.5408
14.6096
14.678
14.7462
14.814
14.8815
14.9487
15.0156
15.0822
15.1485
15.2145
15.2802
15.3457
15.4108
15.4757
15.5403
15.6047
15.6688
15.7326
15.7962
15.8595
15.9225
15.9853
16.0479
16.1102
16.1723
16.2341
16.2957
16.3571
16.4182
16.4791
16.5398
16.6002
16.6605
16.7205
16.7803
16.8399
16.8993
16.9585
17.0174
17.0762
17.1348
17.1931
17.2513
17.3092
17.367
17.4246
17.482
17.5392
17.5962
17.653
17.7097
17.7662
17.8224
17.8785
17.9345
17.9902
18.0458
18.1012
18.1565
18.2116
18.2665
18.3212
18.3758
18.4302
18.4845
18.5386
18.5925
18.6463
18.6999
18.7534
18.8067
18.8599
18.9129
18.9658
19.0185
19.0711
19.1235
19.1758
19.228
1.9228
2.9228
3.9228
4.9228
5.9228
6.9228
7.9228
8.9228
9.9228
10.0236
10.1233
10.2221
10.3199
10.4168
10.5128
10.608
10.7022
10.7957
1.07957
2.07957
3.07957
4.07957
5.07957
6.07957
6.24405
6.40421
6.56035
6.71278
6.86175
7.00749
7.15019
7.29005
7.42722
7.56186
7.69411
7.82407
7.95189
8.07764
8.20144
8.32337
8.44351
8.56195
8.67874
8.79397
8.90768
9.01994
9.13081
9.24033
9.34855
9.45552
9.56128
9.66587
9.76932
9.87168
9.97298
10.0733
10.1725
10.2708
10.3682
10.4646
10.5602
10.6549
10.7488
10.8418
10.934
11.0255
11.1162
11.2061
11.2954
11.3839
11.4717
11.5589
11.6454
11.7313
11.8165
11.9012
11.9852
12.0686
12.1515
12.2338
12.3155
12.3967
12.4774
12.5575
12.6372
12.7163
12.7949
12.8731
12.9508
13.028
13.1048
13.1811
13.2569
13.3324
13.4074
13.482
13.5561
13.6299
13.7033
13.7762
13.8488
13.921
13.9929
14.0643
14.1354
14.2062
14.2766
14.3466
14.4163
14.4857
14.5547
14.6234
14.6918
14.7599
14.8276
14.8951
14.9622
15.029
1.5029
2.5029
3.5029
4.5029
5.5029
6.5029
7.5029
8.5029
8.62051
8.73651
8.85098
8.96396
9.07551
9.1857
9.29457
9.40216
9.50851
9.61368
9.7177
9.82061
9.92243
10.0232
10.123
10.2218
10.3196
10.4165
10.5125
10.6076
10.7019
1.07019
2.07019
3.07019
4.07019
5.07019
6.07019
6.23493
6.39532
6.55168
6.70431
6.85347
6.99938
7.14225
7.28226
7.41958
7.55436
7.68674
7.81683
7.94476
8.07063
8.19453
8.31657
8.43681
8.55534
8.67222
8.78753
8.90133
9.01367
9.12462
9.23421
9.3425
9.44954
9.55537
9.66002
9.76354
9.86596
9.96732
10.0676
10.167
10.2653
10.3627
10.4592
10.5549
10.6496
10.7435
10.8366
10.9289
11.0204
11.1111
11.2011
11.2904
11.379
11.4668
11.554
11.6406
11.7265
11.8118
11.8964
11.9805
12.064
12.1469
12.2292
12.311
12.3922
12.4729
12.553
12.6327
12.7119
12.7905
12.8687
12.9464
13.0237
13.1005
13.1768
13.2527
13.3281
13.4032
13.4778
13.552
13.6258
13.6991
13.7721
13.8448
13.917
13.9888
14.0603
14.1314
14.2022
14.2726
1.42726
2.42726
3.42726
4.42726
5.42726
6.42726
7.42726
7.5619
7.69414
7.82411
7.95192
8.07768
8.20148
8.32341
8.44355
8.56198
8.67878
8.794
8.90771
9.01998
9.13084
9.24036
9.34858
9.45555
9.56131
9.6659
9.76935
9.87171
9.97301
10.0733
10.1726
10.2709
10.3682
10.4647
10.5602
10.6549
10.7488
10.8418
10.934
11.0255
11.1162
11.2062
11.2954
11.3839
11.4718
11.5589
11.6455
11.7313
11.8166
11.9012
11.9852
12.0687
12.1515
12.2338
12.3156
12.3968
12.4774
12.5576
12.6372
12.7163
12.795
12.8731
12.9508
13.028
13.1048
13.1811
13.257
13.3324
13.4074
13.482
13.5561
13.6299
13.7033
13.7763
13.8488
13.9211
13.9929
14.0644
14.1355
14.2062
14.2766
14.3466
14.4163
14.4857
14.5547
14.6234
14.6918
14.7599
14.8276
14.8951
14.9622
15.0291
15.0956
15.1618
15.2278
15.2935
15.3588
15.424
15.4888
15.5534
15.6177
15.6817
15.7454
15.809
15.8722
15.9352
15.998
16.0605
16.1227
16.1848
16.2466
16.3081
16.3694
16.4305
16.4914
16.552
16.6124
16.6726
16.7326
16.7924
16.8519
16.9113
16.9704
17.0293
17.088
17.1466
17.2049
17.263
17.3209
17.3787
17.4362
17.4936
17.5507
17.6077
17.6645
17.7211
17.7775
17.8338
17.8899
17.9458
18.0015
18.057
18.1124
18.1676
18.2227
18.2775
18.3323
18.3868
18.4412
18.4954
18.5495
18.6034
18.6571
18.7107
18.7642
18.8175
18.8706
18.9236
18.9765
19.0292
19.0817
19.1341
19.1864
19.2385
19.2905
19.3423
19.394
19.4456
19.497
19.5483
19.5995
19.6505
19.7014
19.7521
19.8027
19.8532
19.9036
19.9539
20.004
20.054
20.1038
20.1536
20.2032
20.2527
20.3021
20.3513
20.4005
20.4495
20.4984
20.5472
20.5958
20.6444
20.6928
20.7411
20.7894
20.8375
20.8855
20.9333
20.9811
21.0288
21.0763
21.1238
21.1711
21.2183
21.2655
21.3125
21.3594
21.4062
21.4529
21.4996
21.5461
21.5925
21.6388
21.685
21.7311
21.7771
21.8231
21.8689
21.9146
21.9602
22.0058
2.20058
3.20058
4.20058
5.20058
6.20058
7.20058
8.20058
9.20058
10.2006
11.2006
11.2899
11.3784
11.4663
11.5535
11.6401
11.726
11.8113
11.8959
11.98
12.0635
12.1464
12.2287
12.3105
12.3917
12.4724
12.5526
12.6322
12.7114
12.7901
12.8683
12.946
13.0232
13.1
13.1763
13.2522
13.3277
13.4027
13.4773
13.5515
13.6253
13.6987
13.7717
13.8443
13.9166
13.9884
14.0599
14.131
14.2018
14.2722
14.3423
14.412
14.4814
14.5504
14.6192
14.6876
14.7557
14.8234
14.8909
14.958
15.0249
15.0915
15.1577
15.2237
15.2894
15.3548
15.4199
15.4848
15.5493
15.6137
15.6777
15.7415
15.805
15.8683
15.9313
15.9941
16.0566
16.1189
16.1809
16.2427
16.3043
16.3656
16.4267
16.4876
16.5482
16.6087
16.6689
16.7289
16.7887
16.8482
16.9076
16.9667
17.0257
17.0844
17.1429
17.2013
17.2594
17.3173
17.3751
17.4326
17.49
17.5472
17.6042
17.661
17.7176
17.774
17.8303
17.8864
17.9423
17.998
18.0536
18.109
18.1642
18.2192
18.2741
18.3288
18.3834
18.4378
18.492
18.5461
18.6
18.6538
18.7074
18.7609
18.8142
18.8673
18.9203
18.9732
19.0259
19.0784
19.1309
19.1831
19.2353
19.2872
19.3391
19.3908
19.4424
19.4938
19.5451
19.5963
19.6473
19.6982
19.749
19.7996
19.8501
19.9005
19.9507
20.0009
20.0509
20.1007
20.1505
20.2001
20.2496
20.299
20.3483
20.3974
20.4464
20.4953
20.5441
20.5928
20.6414
20.6898
20.7381
20.7864
20.8345
20.8825
20.9304
20.9781
21.0258
21.0734
21.1208
21.1682
21.2154
21.2625
21.3096
21.3565
21.4033
21.45
21.4967
21.5432
21.5896
21.6359
21.6821
21.7283
21.7743
21.8202
21.866
21.9118
21.9574
22.0029
22.0484
22.0937
22.139
22.1842
22.2293
22.2742
22.3191
22.3639
22.4087
22.4533
22.4978
22.5423
22.5866
22.6309
22.6751
22.7192
22.7632
22.8071
22.851
22.8947
22.9384
22.982
23.0255
23.069
23.1123
23.1556
23.1988
23.2419
23.2849
23.3278
23.3707
23.4135
23.4562
23.4988
23.5414
23.5839
23.6263
23.6686
23.7109
23.753
23.7951
23.8372
23.8791
23.921
23.9628
24.0045
24.0462
24.0878
24.1293
24.1707
24.2121
24.2534
24.2946
24.3358
24.3769
24.4179
24.4589
24.4997
24.5406
24.5813
24.622
24.6626
24.7031
24.7436
24.784
24.8244
24.8647
24.9049
24.945
24.9851
25.0252
25.0651
25.105
25.1448
25.1846
25.2243
25.264
25.3035
25.3431
25.3825
25.4219
25.4613
25.5005
25.5398
25.5789
25.618
25.657
25.696
25.7349
25.7738
25.8126
25.8513
25.89
25.9286
25.9672
26.0057
26.0442
26.0826
26.1209
26.1592
26.1974
26.2356
26.2737
26.3118
26.3498
26.3877
26.4256
26.4635
26.5012
26.539
26.5767
26.6143
26.6519
26.6894
26.7268
26.7643
26.8016
26.8389
26.8762
26.9134
26.9506
26.9877
27.0247
27.0617
27.0987
27.1356
27.1724
27.2092
27.246
27.2827
27.3193
27.3559
27.3925
27.429
27.4655
27.5019
27.5382
27.5745
27.6108
27.647
27.6832
27.7193
27.7554
27.7914
27.8274
27.8633
27.8992
27.9351
27.9709
28.0066
28.0423
28.078
28.1136
28.1492
28.1847
28.2202
28.2556
28.291
28.3264
28.3617
28.3969
28.4321
28.4673
28.5024
28.5375
28.5726
28.6076
28.6425
28.6774
28.7123
28.7471
28.7819
28.8167
28.8514
28.886
28.9206
28.9552
28.9898
29.0242
29.0587
29.0931
29.1275
29.1618
29.1961
29.2304
29.2646
29.2987
2.92987
3.92987
4.92987
5.92987
6.92987
7.92987
8.92987
9.92987
10.9299
11.9299
12.9299
13.9299
14.9299
14.9969
15.0635
15.1299
15.196
15.2618
15.3273
15.3926
15.4576
15.5222
15.5867
15.6508
15.7147
15.7784
15.8417
15.9049
15.9677
16.0304
16.0927
16.1549
16.2168
16.2784
16.3399
16.4011
16.462
16.5228
16.5833
16.6436
16.7037
16.7636
16.8232
16.8827
16.9419
17.0009
17.0597
17.1184
17.1768
17.235
17.293
17.3508
1.73508
2.73508
3.73508
4.73508
5.73508
6.73508
7.73508
8.73508
8.84957
8.96256
9.07414
9.18434
9.29322
9.40083
9.5072
9.61239
9.71642
9.81934
9.92118
10.022
10.1218
10.2205
10.3184
10.4153
10.5113
10.6065
10.7007
10.7942
10.8868
10.9787
11.0698
11.1601
11.2497
11.3386
11.4268
11.5143
11.6012
11.6874
11.7729
11.8579
11.9422
12.0259
12.1091
12.1917
12.2737
12.3552
12.4361
12.5165
12.5964
12.6758
12.7547
12.8331
12.911
12.9885
13.0655
13.142
13.2181
13.2937
13.369
13.4438
13.5181
13.5921
13.6657
13.7389
13.8117
13.8841
13.9561
14.0277
14.099
14.17
14.2405
14.3107
14.3806
14.4502
14.5194
14.5882
14.6568
14.725
14.7929
14.8605
14.9278
14.9948
15.0615
15.1279
15.194
15.2598
15.3253
15.3906
15.4556
15.5203
15.5847
15.6489
15.7128
15.7764
15.8398
15.9029
15.9658
16.0284
16.0908
16.153
16.2149
16.2766
16.338
16.3992
16.4602
16.5209
16.5815
16.6418
16.7019
16.7617
16.8214
16.8808
16.9401
16.9991
17.0579
17.1166
17.175
17.2332
17.2912
17.3491
17.4067
17.4642
17.5214
17.5785
17.6354
17.6921
17.7486
17.805
17.8611
17.9171
17.9729
18.0286
18.084
18.1393
18.1944
18.2494
18.3042
18.3588
18.4133
18.4676
18.5218
18.5758
18.6296
18.6833
18.7368
18.7902
18.8434
18.8965
18.9494
19.0021
19.0548
19.1073
19.1596
19.2118
19.2638
19.3157
19.3675
19.4191
19.4706
19.522
19.5732
19.6243
19.6753
19.7261
19.7768
19.8274
19.8778
19.9281
19.9783
20.0283
20.0783
20.1281
20.1778
20.2273
20.2767
20.3261
20.3753
20.4243
20.4733
20.5221
20.5709
20.6195
20.668
20.7164
20.7646
20.8128
20.8608
20.9088
20.9566
21.0043
21.0519
21.0994
21.1468
21.1941
21.2413
21.2884
21.3354
21.3822
21.429
21.4757
21.5222
21.5687
21.6151
21.6613
21.7075
21.7535
21.7995
21.8454
21.8912
21.9368
21.9824
22.0279
22.0733
22.1186
22.1638
22.209
22.254
22.2989
22.3438
22.3885
22.4332
22.4778
22.5222
22.5666
22.611
22.6552
22.6993
22.7434
22.7874
22.8312
22.875
22.9188
22.9624
23.0059
23.0494
23.0928
23.1361
23.1793
23.2225
23.2655
23.3085
23.3514
23.3942
23.437
23.4796
23.5222
23.5647
23.6072
23.6495
23.6918
23.734
23.7762
23.8182
23.8602
23.9021
23.944
23.9857
24.0274
24.069
24.1106
24.1521
24.1935
24.2348
24.2761
24.3172
24.3584
24.3994
24.4404
24.4813
24.5222
24.5629
24.6037
24.6443
24.6849
24.7254
24.7658
24.8062
24.8465
24.8868
24.927
24.9671
25.0071
25.0471
2.50471
3.50471
4.50471
5.50471
6.50471
7.50471
8.50471
9.50471
10.5047
11.5047
12.5047
13.5047
13.5788
13.6524
13.7257
13.7985
13.871
13.9431
14.0148
14.0861
14.1571
14.2278
14.2981
14.368
14.4376
14.5069
14.5758
14.6444
14.7127
14.7807
14.8483
14.9157
14.9827
15.0494
15.1159
15.182
15.2479
