4
5.5
7
8.5
10
11.5
13
14.5
16
17.5
19
20.5
22
23.5
25
26.5
28
29.5
31
32.5
34
35.5
37
38.5
40
41.5
43
44.5
46
47.5
49
50.5
52
53.5
55
56.5
58
59.5
61
62.5
64
65.5
67
68.5
70
71.5
73
74.5
76
77.5
79
80.5
82
83.5
85
86.5
88
89.5
91
92.5
94
95.5
97
98.5
100
101.5
103
104.5
106
107.5
109
110.5
112
113.5
115
116.5
118
119.5
121
122.5
124
125.5
127
128.5
130
131.5
133
134.5
136
137.5
139
140.5
142
143.5
145
146.5
148
149.5
151
152.5
154
155.5
157
158.5
160
161.5
163
164.5
166
167.5
169
170.5
172
173.5
175
176.5
178
179.5
181
182.5
184
185.5
187
188.5
190
191.5
193
194.5
196
197.5
199
200.5
202
203.5
205
206.5
208
209.5
211
212.5
214
215.5
217
218.5
220
221.5
223
224.5
226
227.5
229
230.5
232
233.5
235
236.5
238
239.5
241
242.5
244
245.5
247
248.5
250
251.5
253
254.5
256
257.5
259
260.5
262
263.5
265
266.5
268
269.5
271
272.5
274
275.5
277
278.5
280
281.5
283
284.5
286
287.5
289
290.5
292
293.5
295
296.5
298
299.5
301
302.5
304
305.5
307
308.5
310
311.5
313
314.5
316
317.5
319
320.5
322
323.5
325
326.5
328
329.5
331
332.5
334
335.5
337
338.5
340
341.5
343
344.5
346
347.5
349
350.5
352
353.5
355
356.5
358
107.4
108.9
110.4
111.9
113.4
114.9
116.4
117.9
119.4
120.9
122.4
123.9
125.4
126.9
128.4
129.9
131.4
132.9
134.4
135.9
137.4
138.9
140.4
141.9
143.4
144.9
146.4
147.9
149.4
150.9
152.4
153.9
155.4
156.9
158.4
159.9
161.4
162.9
164.4
165.9
167.4
168.9
170.4
171.9
173.4
174.9
176.4
177.9
179.4
179.403
179.406
179.408
179.411
179.414
179.417
179.42
179.422
179.425
179.428
179.431
179.433
179.436
179.439
179.442
179.445
179.447
179.45
179.453
179.456
179.459
179.461
179.464
179.467
179.47
179.472
179.475
179.478
179.481
179.484
179.486
179.489
179.492
179.495
179.498
179.5
179.503
179.506
179.509
179.511
179.514
179.517
179.52
179.523
179.525
53.8576
55.3576
56.8576
58.3576
59.8576
61.3576
62.8576
64.3576
65.8576
67.3576
68.8576
70.3576
71.8576
73.3576
74.8576
76.3576
77.8576
79.3576
80.8576
82.3576
83.8576
85.3576
86.8576
88.3576
26.5073
28.0073
29.5073
31.0073
32.5073
34.0073
35.5073
37.0073
38.5073
40.0073
41.5073
43.0073
44.5073
44.5185
44.5297
44.541
44.5522
44.5634
44.5746
44.5859
44.5971
44.6083
44.6195
44.6307
44.6419
44.6531
44.6643
44.6755
44.6867
44.6979
44.7091
44.7202
44.7314
44.7426
44.7538
44.765
44.7761
44.7873
44.7985
44.8096
44.8208
44.8319
44.8431
44.8542
44.8654
44.8765
44.8877
44.8988
44.9099
44.9211
44.9322
44.9433
44.9545
44.9656
44.9767
44.9878
44.9989
45.01
45.0212
45.0323
45.0434
45.0545
45.0656
45.0767
45.0877
45.0988
45.1099
45.121
45.1321
45.1432
45.1542
45.1653
45.1764
45.1875
45.1985
45.2096
45.2206
45.2317
45.2428
45.2538
45.2649
45.2759
45.2869
45.298
45.309
45.3201
45.3311
45.3421
45.3531
45.3642
45.3752
45.3862
45.3972
45.4082
45.4193
45.4303
45.4413
45.4523
45.4633
45.4743
45.4853
45.4963
45.5072
45.5182
45.5292
45.5402
45.5512
45.5622
45.5731
45.5841
45.5951
45.606
45.617
45.628
45.6389
45.6499
45.6608
45.6718
45.6827
45.6937
45.7046
45.7156
45.7265
45.7374
45.7484
45.7593
45.7702
45.7811
45.7921
45.803
45.8139
45.8248
45.8357
45.8466
45.8575
45.8684
45.8793
45.8902
45.9011
45.912
45.9229
45.9338
45.9447
45.9556
45.9664
45.9773
45.9882
45.9991
46.0099
46.0208
46.0317
46.0425
46.0534
46.0643
46.0751
46.086
46.0968
46.1077
46.1185
46.1293
46.1402
46.151
46.1619
46.1727
46.1835
46.1943
46.2052
46.216
46.2268
46.2376
46.2484
46.2592
46.2701
46.2809
46.2917
46.3025
46.3133
46.3241
46.3349
46.3456
46.3564
46.3672
46.378
46.3888
46.3996
46.4103
46.4211
46.4319
46.4426
46.4534
46.4642
46.4749
46.4857
46.4965
46.5072
46.518
46.5287
13.9586
15.4586
16.9586
18.4586
19.9586
21.4586
22.9586
24.4586
24.4791
24.4995
24.5199
24.5403
24.5607
7.3682
8.8682
10.3682
11.8682
13.3682
13.4056
13.4429
13.4801
13.5172
13.5542
13.5911
13.6279
13.6645
13.7011
13.7376
13.774
13.8103
13.8465
13.8826
13.9187
13.9546
13.9904
14.0261
14.0618
14.0973
14.1328
14.1682
14.2035
14.2387
14.2738
14.3088
14.3438
14.3786
14.4134
14.4481
14.4827
14.5172
14.5517
14.586
14.6203
14.6545
14.6886
14.7227
14.7566
14.7905
14.8243
14.858
14.8917
14.9253
14.9588
14.9922
15.0256
15.0588
15.092
15.1252
15.1582
15.1912
15.2241
15.257
15.2897
15.3224
15.3551
15.3876
15.4201
15.4525
15.4849
15.5172
15.5494
15.5816
15.6137
15.6457
15.6776
15.7095
15.7414
15.7731
15.8048
15.8365
15.868
15.8995
15.931
15.9624
15.9937
16.025
16.0562
16.0873
16.1184
16.1494
16.1804
16.2113
16.2421
16.2729
16.3036
16.3343
16.3649
16.3955
16.4259
16.4564
16.4868
16.5171
16.5474
16.5776
16.6077
16.6379
16.6679
16.6979
16.7278
16.7577
16.7876
16.8174
16.8471
16.8768
16.9064
16.936
16.9655
16.995
17.0244
17.0538
17.0831
17.1123
17.1416
5.14247
6.64247
8.14247
9.64247
9.69432
9.7459
9.7972
9.84824
9.89901
9.94952
2.98486
4.48486
5.98486
6.0684
6.15079
6.23208
6.31231
6.39152
6.46975
6.54704
6.62341
6.6989
6.77354
6.84735
6.92037
6.99262
7.06413
7.13491
7.20499
7.27438
7.34312
7.41121
7.47867
7.54553
7.61179
7.67748
7.74261
7.80718
7.87123
7.93475
7.99776
8.06028
8.12231
8.18387
8.24497
8.30561
8.36581
8.42558
8.48492
8.54385
8.60237
8.6605
8.71823
8.77558
8.83256
8.88917
8.94541
9.00131
9.05686
2.71706
4.21706
5.71706
5.80451
5.89065
5.97553
6.05921
6.14173
6.22314
6.30348
6.3828
6.46114
6.53853
6.615
6.69058
6.76531
6.83922
6.91233
6.98466
7.05625
7.12711
7.19726
7.26673
7.33554
7.4037
7.47123
7.53816
7.60449
7.67024
7.73542
7.80006
7.86416
7.92774
7.99081
8.05339
8.11547
8.17708
8.23823
8.29892
8.35917
8.41898
8.47837
8.53735
8.59591
8.65408
8.71186
8.76925
8.82627
8.88292
8.9392
8.99514
9.05072
9.10597
9.16088
9.21546
9.26971
9.32365
9.37728
9.4306
9.48362
9.53634
9.58877
9.64092
9.69278
9.74436
9.79568
9.84672
9.8975
9.94801
9.99828
10.0483
10.098
10.1476
10.1968
10.2459
10.2947
10.3432
10.3916
10.4397
10.4876
10.5353
10.5827
10.63
10.677
10.7238
10.7705
10.8169
10.8631
10.9091
10.955
11.0006
11.0461
11.0913
11.1364
11.1813
11.226
11.2706
11.3149
11.3591
11.4031
11.447
11.4907
11.5342
11.5775
11.6207
11.6637
11.7066
11.7493
11.7919
11.8343
11.8765
11.9186
11.9606
12.0024
12.044
12.0855
12.1269
12.1682
12.2092
12.2502
12.291
12.3317
12.3722
12.4127
12.4529
12.4931
12.5331
12.573
12.6128
12.6524
12.6919
12.7313
12.7706
12.8097
12.8488
12.8877
12.9265
12.9652
13.0037
13.0422
13.0805
13.1187
13.1569
13.1949
13.2328
13.2705
13.3082
13.3458
13.3833
13.4206
13.4579
13.495
13.5321
13.569
13.6059
13.6426
13.6793
13.7158
13.7523
13.7886
13.8249
13.8611
13.8971
13.9331
13.969
14.0048
14.0405
14.0761
14.1116
14.1471
14.1824
14.2177
14.2528
14.2879
14.3229
14.3578
14.3926
14.4274
14.462
14.4966
14.5311
14.5655
14.5998
14.6341
14.6682
14.7023
14.7363
14.7703
14.8041
14.8379
14.8716
14.9052
14.9388
14.9722
15.0056
15.0389
15.0722
15.1054
15.1385
15.1715
15.2045
4.56134
6.06134
7.56134
9.06134
9.11652
9.17136
9.22588
9.28007
9.33395
9.38752
9.44078
9.49375
9.54641
9.59879
9.65088
9.70269
9.75422
9.80548
9.85647
9.9072
9.95767
10.0079
10.0578
10.1076
10.157
10.2062
10.2552
10.304
10.3525
10.4008
10.4489
10.4967
10.5444
10.5918
10.639
10.686
10.7328
10.7794
10.8258
10.8719
10.9179
10.9637
11.0093
11.0547
11.1
11.145
11.1899
11.2346
11.2791
11.3234
11.3676
11.4115
11.4554
11.499
11.5425
11.5858
11.629
11.672
11.7148
11.7575
11.8
11.8424
11.8846
11.9267
11.9686
12.0104
12.052
12.0935
12.1348
12.176
12.2171
12.258
12.2988
12.3395
12.38
12.4204
12.4606
12.5008
12.5408
12.5806
12.6204
12.66
12.6995
12.7389
12.7781
12.8172
12.8562
12.8951
12.9339
12.9726
13.0111
13.0495
13.0879
13.1261
13.1642
13.2021
13.24
13.2778
13.3154
13.353
13.3904
13.4278
13.465
13.5021
13.5392
13.5761
13.6129
13.6497
13.6863
13.7228
13.7593
13.7956
13.8318
13.868
13.904
13.94
13.9759
14.0116
14.0473
14.0829
14.1184
14.1538
14.1892
14.2244
14.2596
14.2946
14.3296
14.3645
14.3993
14.434
14.4687
14.5032
14.5377
14.5721
14.6064
14.6406
14.6748
14.7089
14.7429
14.7768
14.8106
14.8444
14.878
14.9117
14.9452
14.9786
15.012
15.0453
15.0786
15.1117
15.1448
15.1778
15.2108
15.2436
15.2764
15.3092
15.3418
15.3744
15.4069
15.4394
15.4718
15.5041
15.5363
15.5685
15.6006
15.6327
15.6647
15.6966
15.7284
15.7602
15.792
15.8236
15.8552
15.8868
15.9182
15.9496
15.981
16.0123
16.0435
16.0747
16.1058
16.1368
16.1678
16.1987
16.2296
16.2604
16.2912
16.3218
16.3525
16.3831
16.4136
16.444
16.4744
16.5048
16.5351
16.5653
16.5955
16.6256
16.6557
16.6857
16.7157
16.7456
16.7755
16.8053
16.835
16.8647
16.8944
16.924
16.9535
16.983
17.0124
17.0418
17.0712
17.1005
17.1297
17.1589
17.188
17.2171
17.2462
17.2752
17.3041
17.333
17.3618
17.3906
17.4194
17.4481
17.4768
17.5054
17.5339
17.5624
17.5909
17.6193
17.6477
17.676
17.7043
17.7326
17.7608
17.7889
17.817
17.8451
17.8731
17.9011
17.929
17.9569
17.9847
18.0125
18.0403
18.068
18.0957
18.1233
18.1509
18.1785
18.206
18.2334
18.2609
18.2882
18.3156
18.3429
18.3701
18.3974
5.51921
7.01921
8.51921
10.0192
10.0691
10.1188
10.1682
10.2174
10.2663
10.315
10.3635
10.4117
10.4597
10.5075
10.5551
10.6025
10.6497
10.6966
10.7433
10.7899
10.8362
10.8824
10.9283
10.9741
11.0196
11.065
11.1102
11.1552
11.2
11.2447
11.2891
11.3334
11.3775
11.4215
11.4653
11.5089
11.5523
11.5956
11.6387
11.6817
11.7245
11.7671
11.8096
11.8519
11.8941
11.9362
11.9781
12.0198
12.0614
12.1029
12.1442
12.1853
12.2264
12.2673
12.308
12.3487
12.3891
12.4295
12.4697
12.5098
12.5498
12.5896
12.6293
12.6689
12.7084
12.7478
12.787
3.83609
5.33609
6.83609
6.90923
6.9816
7.05322
7.12411
7.19429
7.26379
7.33262
7.40081
7.46837
7.53532
7.60168
7.66745
7.73266
7.79732
7.86145
2.35843
3.85843
5.35843
5.45175
5.54346
5.63366
5.72241
5.80978
5.89585
5.98065
6.06425
6.1467
6.22805
6.30833
6.38759
6.46587
6.5432
6.61961
6.69514
6.76983
6.84368
6.91674
2.07502
3.57502
3.71488
3.84948
3.97936
4.10501
4.22681
4.34511
4.46018
4.57228
4.68164
4.78844
4.89285
4.99504
5.09514
5.19328
5.28955
5.38408
5.47695
5.56824
5.65803
5.7464
5.83341
5.91913
6.0036
6.08688
6.16903
6.25008
6.33008
6.40906
6.48708
6.56415
6.64033
6.71562
6.79008
6.86371
6.93656
7.00864
7.07998
7.1506
7.22053
7.28978
7.35836
7.42631
7.49364
7.56037
7.6265
7.69206
7.75706
7.82152
7.88545
7.94886
8.01176
8.07417
8.13609
8.19755
8.25854
8.31908
8.37919
8.43886
8.49811
8.55694
8.61538
8.67341
8.73106
8.78833
8.84522
8.90175
8.95792
9.01373
9.0692
9.12434
9.17913
9.23361
9.28776
9.34159
9.39511
9.44833
9.50125
9.55388
9.60621
9.65826
9.71003
9.76152
9.81275
9.8637
9.91439
9.96482
10.015
10.0649
10.1146
10.164
10.2132
10.2622
10.3109
10.3594
10.4077
10.4557
10.5035
10.5511
10.5985
10.6457
10.6927
10.7394
10.786
10.8323
10.8785
10.9245
10.9702
11.0158
11.0612
11.1064
11.1514
11.1963
11.2409
11.2854
11.3297
11.3738
11.4178
11.4616
11.5052
11.5487
11.592
11.6351
11.6781
11.7209
11.7635
11.806
11.8484
11.8906
11.9326
11.9745
12.0163
12.0579
12.0994
12.1407
12.1819
12.2229
12.2638
12.3046
12.3452
12.3857
12.4261
12.4664
12.5065
12.5464
12.5863
12.626
12.6656
12.7051
12.7444
12.7837
12.8228
12.8618
12.9007
12.9394
12.9781
13.0166
13.055
13.0933
13.1315
13.1696
13.2075
13.2454
13.2831
13.3208
13.3583
13.3957
13.4331
13.4703
13.5074
13.5444
13.5813
13.6182
13.6549
13.6915
13.728
13.7644
13.8008
13.837
13.8731
13.9092
13.9451
13.981
14.0167
14.0524
14.088
14.1235
14.1589
14.1942
14.2294
14.2645
14.2996
14.3346
14.3694
14.4042
14.439
14.4736
14.5081
14.5426
14.577
14.6113
14.6455
14.6796
14.7137
14.7477
14.7816
14.8154
14.8492
14.8828
14.9164
14.9499
14.9834
15.0168
15.0501
15.0833
15.1164
15.1495
15.1825
15.2154
15.2483
15.2811
15.3138
15.3465
15.379
15.4116
15.444
15.4764
15.5087
15.5409
15.5731
15.6052
4.68156
6.18156
7.68156
9.18156
9.23602
9.29015
9.34397
9.39748
9.45069
9.5036
9.55621
9.60853
9.66057
9.71232
9.7638
9.81501
9.86596
9.91664
9.96706
10.0172
10.0671
10.1168
10.1662
10.2154
10.2644
10.3131
10.3615
10.4098
10.4578
10.5056
10.5532
10.6006
10.6478
10.6947
10.7415
10.788
10.8344
10.8805
10.9265
10.9723
11.0178
11.0632
11.1084
11.1534
11.1982
11.2429
11.2874
11.3317
3.3995
4.8995
6.3995
6.47763
6.55482
6.6311
6.7065
6.78105
6.85479
6.92773
6.9999
7.07133
7.14204
7.21205
7.28138
7.35005
7.41807
7.48548
7.55227
7.61848
7.68411
7.74918
7.8137
7.87769
7.94116
8.00412
8.06659
8.12858
8.19009
8.25114
8.31173
8.37189
8.43161
8.49091
2.54727
4.04727
5.54727
5.63741
5.7261
5.81342
5.89943
5.98418
6.06774
6.15014
6.23144
6.31168
6.3909
6.46913
6.54642
6.6228
6.6983
6.77294
6.84677
6.91979
6.99205
7.06356
7.13434
7.20443
7.27383
7.34257
7.41067
7.47814
7.545
7.61127
7.67696
7.74209
7.80667
7.87072
7.93424
7.99726
8.05978
8.12182
8.18338
8.24448
8.30513
8.36533
8.4251
8.48445
8.54338
8.60191
8.66003
8.71777
8.77512
8.8321
8.88871
8.94497
9.00086
9.05641
9.11162
9.1665
9.22104
9.27527
9.32917
9.38277
9.43606
9.48905
9.54174
9.59414
9.64626
9.69809
9.74965
9.80093
9.85195
9.9027
9.95319
10.0034
10.0534
10.1031
10.1526
10.2019
10.2509
10.2997
10.3482
10.3965
10.4446
10.4925
10.5401
10.5876
10.6348
10.6818
10.7286
10.7752
10.8216
10.8678
10.9139
10.9597
11.0053
11.0507
11.096
11.141
11.1859
11.2306
11.2751
11.3195
11.3636
11.4076
11.4515
11.4951
11.5386
11.582
11.6251
11.6681
11.711
11.7537
11.7962
11.8386
11.8809
11.9229
11.9649
12.0067
12.0483
12.0898
12.1312
12.1724
12.2135
12.2544
12.2952
12.3359
12.3764
12.4168
12.4571
12.4972
12.5372
12.5771
12.6168
12.6565
12.696
12.7354
12.7746
12.8138
12.8528
12.8917
12.9305
12.9691
13.0077
13.0461
13.0845
13.1227
13.1608
13.1988
13.2366
13.2744
13.3121
13.3496
13.3871
13.4244
13.4617
13.4988
13.5359
13.5728
13.6097
13.6464
13.683
13.7196
13.756
13.7924
13.8286
13.8648
13.9008
13.9368
13.9727
14.0085
14.0442
14.0798
14.1153
14.1507
4.24521
5.74521
7.24521
7.31422
7.38258
7.45031
7.51742
7.58393
7.64986
7.71522
7.78003
7.84429
7.90803
7.97126
8.03399
8.09622
8.15798
8.21927
2.46578
3.96578
5.46578
5.55726
5.64723
5.73577
5.82294
5.90881
5.99343
6.07685
6.15913
6.24031
6.32044
6.39955
6.47768
6.55487
6.63114
6.70655
6.7811
6.85483
6.92778
6.99995
7.07138
7.14209
7.21209
7.28142
7.35009
7.41812
7.48552
7.55231
7.61852
7.68415
7.74922
7.81374
7.87773
7.9412
8.00416
8.06663
8.12861
8.19012
8.25117
8.31177
8.37193
8.43165
8.49095
8.54984
8.60832
8.6664
8.7241
8.78141
8.83835
8.89492
8.95113
9.00699
9.0625
9.11767
9.17251
9.22702
9.28121
9.33508
9.38864
9.4419
9.49486
9.54752
9.59989
9.65197
9.70377
9.7553
9.80655
9.85754
9.90826
9.95873
10.0089
10.0589
10.1086
10.1581
10.2073
10.2563
10.305
10.3535
10.4018
10.4499
10.4977
10.5454
10.5928
10.64
10.687
10.7338
10.7803
10.8267
10.8729
10.9189
10.9647
11.0103
11.0557
11.1009
11.146
11.1908
11.2355
11.28
3.384
4.884
6.384
6.46232
6.5397
6.61615
6.69172
6.76644
6.84034
6.91343
6.98576
7.05733
7.12818
7.19832
7.26778
7.33658
7.40473
7.47226
7.53917
7.60549
7.67123
7.73641
7.80104
7.86513
7.92871
7.99177
8.05433
8.11641
8.17801
2.4534
3.9534
5.4534
5.54509
5.63526
5.72399
5.81134
5.89738
5.98216
6.06574
6.14817
6.2295
6.30976
6.389
6.46726
6.54458
6.62097
6.69649
6.77116
6.845
6.91805
6.99032
7.06185
7.13265
7.20275
7.27217
7.34093
7.40904
7.47652
7.5434
7.60968
7.67539
7.74053
7.80513
7.86919
7.93272
7.99575
8.05829
8.12034
8.18191
8.24302
8.30368
8.36389
8.42367
8.48303
8.54197
8.6005
8.65864
8.71639
8.77375
8.83074
8.88736
8.94362
8.99952
9.05508
9.1103
9.16518
9.21974
9.27397
9.32788
9.38149
9.43478
9.48778
9.54048
9.59289
9.64501
9.69685
9.74841
9.7997
9.85072
9.90148
9.95198
10.0022
10.0522
10.1019
10.1514
10.2007
10.2497
10.2985
10.347
10.3954
10.4435
10.4913
10.539
10.5864
10.6337
10.6807
10.7275
10.7741
3.23224
4.73224
6.23224
6.31246
6.39167
6.4699
6.54718
6.62355
6.69904
6.77367
6.84749
6.92051
6.99276
7.06426
7.13504
7.20512
7.27451
7.34324
7.41133
7.4788
7.54565
7.61192
7.6776
7.74273
7.80731
7.87135
7.93487
7.99788
8.0604
8.12243
8.18399
8.24508
8.30573
8.36593
8.42569
8.48503
8.54396
8.60248
8.6606
8.71834
8.77569
8.83266
8.88927
8.94552
9.00141
9.05696
9.11217
9.16704
9.22158
9.2758
9.32971
9.3833
9.43658
9.48957
9.54226
9.59466
9.64677
9.6986
9.75015
9.80143
9.85245
9.9032
9.95369
10.0039
10.0539
10.1036
10.1531
10.2024
10.2514
10.3001
10.3487
10.397
10.4451
10.493
10.5406
10.5881
10.6353
10.6823
10.7291
10.7757
10.8221
10.8683
10.9143
10.9601
11.0057
11.0512
11.0964
11.1415
11.1863
11.231
11.2756
11.3199
11.3641
11.4081
11.4519
11.4956
11.5391
11.5824
11.6256
11.6686
11.7114
11.7541
11.7967
11.839
11.8813
11.9234
11.9653
12.0071
12.0487
12.0902
12.1316
12.1728
12.2139
12.2548
12.2956
12.3363
12.3768
12.4172
12.4575
12.4976
12.5376
12.5775
12.6172
12.6569
12.6964
12.7358
12.775
12.8141
12.8532
12.8921
12.9309
12.9695
13.0081
13.0465
13.0848
13.123
13.1611
13.1991
13.237
13.2748
13.3125
13.35
13.3875
13.4248
13.4621
13.4992
13.5362
13.5732
13.61
13.6468
13.6834
13.7199
13.7564
13.7927
13.829
13.8651
13.9012
13.9372
13.973
14.0088
14.0445
14.0801
14.1156
14.151
14.1864
14.2216
14.2568
14.2919
14.3268
14.3617
14.3966
14.4313
14.4659
14.5005
14.535
14.5694
14.6037
14.6379
14.6721
14.7062
14.7402
14.7741
14.8079
14.8417
14.8754
14.909
14.9425
14.976
15.0094
15.0427
15.0759
15.1091
15.1422
15.1752
15.2082
15.241
15.2738
15.3066
15.3392
15.3718
15.4044
15.4368
15.4692
15.5015
15.5338
15.566
15.5981
15.6302
15.6621
15.6941
15.7259
15.7577
15.7895
15.8211
15.8527
15.8843
15.9157
15.9472
15.9785
16.0098
16.041
4.81231
6.31231
7.81231
9.31231
9.366
9.41939
9.47247
9.52525
9.57775
9.62995
9.68187
9.73352
9.78488
9.83598
9.88682
9.93739
9.9877
10.0378
10.0876
10.1371
10.1865
10.2356
10.2844
10.333
10.3814
10.4296
10.4775
10.5252
10.5727
10.62
10.6671
10.714
10.7607
10.8071
10.8534
10.8995
10.9453
10.991
11.0365
11.0818
11.1269
11.1719
11.2166
11.2612
11.3056
11.3498
11.3939
11.4378
11.4815
11.525
11.5684
11.6116
11.6547
11.6976
11.7403
11.7829
11.8253
11.8676
11.9098
11.9517
11.9936
12.0353
12.0768
12.1182
12.1595
12.2006
12.2416
12.2824
12.3231
12.3637
12.4041
12.4445
12.4846
12.5247
12.5646
12.6044
12.6441
12.6836
12.723
12.7623
12.8015
12.8406
12.8795
12.9183
12.957
12.9956
13.0341
13.0725
13.1107
13.1488
13.1869
13.2248
13.2626
13.3003
13.3379
13.3754
13.4128
13.45
13.4872
13.5243
13.5612
13.5981
13.6349
13.6716
13.7081
13.7446
13.781
13.8173
13.8535
13.8895
13.9255
13.9614
13.9973
14.033
14.0686
14.1042
14.1396
14.175
14.2102
14.2454
14.2805
14.3155
14.3505
14.3853
14.4201
14.4547
14.4893
14.5238
14.5583
14.5926
14.6269
14.6611
14.6952
14.7292
14.7631
14.797
14.8308
14.8645
14.8981
14.9317
14.9652
14.9986
15.0319
15.0652
15.0984
15.1315
15.1645
15.1975
15.2304
15.2632
15.296
15.3287
15.3613
15.3939
15.4263
15.4588
15.4911
15.5234
15.5556
15.5877
15.6198
15.6518
15.6838
15.7156
15.7475
15.7792
15.8109
15.8425
15.8741
15.9056
15.937
15.9684
15.9997
16.0309
16.0621
16.0933
16.1243
16.1553
16.1863
16.2172
16.248
16.2788
16.3095
16.3402
16.3708
16.4013
16.4318
16.4622
16.4926
16.5229
16.5532
16.5834
16.6135
16.6436
16.6737
16.7036
16.7336
16.7635
16.7933
16.8231
16.8528
16.8824
16.9121
16.9416
16.9711
17.0006
17.03
17.0594
17.0887
17.1179
17.1472
17.1763
17.2054
17.2345
17.2635
17.2925
17.3214
17.3502
17.3791
17.4078
17.4365
17.4652
17.4939
17.5224
17.551
17.5795
17.6079
17.6363
17.6646
17.693
17.7212
17.7494
17.7776
17.8057
17.8338
17.8618
17.8898
17.9178
17.9457
17.9735
18.0014
18.0291
18.0569
18.0846
18.1122
18.1398
18.1674
18.1949
18.2224
18.2498
18.2772
18.3046
18.3319
18.3592
18.3864
18.4136
18.4408
18.4679
18.4949
18.522
18.549
18.5759
18.6028
18.6297
18.6566
18.6834
18.7101
18.7368
18.7635
18.7902
18.8168
18.8434
18.8699
18.8964
18.9228
18.9493
18.9757
19.002
19.0283
19.0546
19.0808
19.107
19.1332
19.1593
19.1854
19.2115
19.2375
19.2635
19.2895
19.3154
19.3413
19.3671
19.3929
19.4187
19.4445
19.4702
19.4959
19.5215
19.5471
19.5727
19.5983
19.6238
19.6493
19.6747
19.7001
19.7255
19.7508
19.7762
19.8014
19.8267
19.8519
19.8771
19.9022
19.9274
19.9525
19.9775
20.0025
20.0275
20.0525
20.0774
20.1023
20.1272
20.1521
20.1769
20.2017
20.2264
20.2511
20.2758
20.3005
20.3251
20.3497
20.3743
20.3988
20.4233
20.4478
20.4723
20.4967
20.5211
20.5454
20.5698
20.5941
20.6184
20.6426
20.6668
20.691
20.7152
20.7393
20.7634
20.7875
20.8116
20.8356
20.8596
20.8836
20.9075
20.9314
20.9553
20.9792
21.003
21.0268
21.0506
21.0743
21.0981
21.1218
21.1454
21.1691
21.1927
21.2163
21.2399
21.2634
21.2869
21.3104
21.3339
21.3573
21.3807
21.4041
21.4275
6.42824
7.92824
9.42824
10.9282
10.974
11.0196
11.0649
11.1101
11.1551
11.1999
11.2446
11.2891
11.3333
11.3775
11.4214
11.4652
11.5088
11.5522
11.5955
11.6386
11.6816
11.7244
11.7671
11.8095
11.8519
11.8941
11.9361
11.978
12.0197
12.0613
12.1028
12.1441
12.1853
12.2263
12.2672
12.308
12.3486
12.3891
12.4294
12.4697
12.5098
12.5497
12.5896
12.6293
12.6689
12.7083
12.7477
12.7869
12.826
12.865
12.9039
12.9426
3.88278
5.38278
6.88278
6.95543
7.02731
7.09847
7.1689
7.23865
7.30772
7.37614
7.44393
7.5111
7.57767
7.64365
7.70906
7.77392
7.83824
7.90203
7.9653
8.02808
8.09036
8.15216
8.21349
8.27437
8.3348
8.39479
8.45435
8.51349
8.57222
8.63055
8.68848
8.74603
8.8032
8.85999
8.91643
8.9725
9.02823
9.08361
9.13866
9.19337
9.24776
9.30182
9.35558
9.40902
9.46216
9.515
9.56755
9.61981
9.67179
9.72348
9.77491
9.82606
9.87694
9.92756
9.97793
10.028
10.0779
10.1275
10.1769
10.226
10.2749
10.3236
10.372
10.4202
10.4682
10.516
10.5635
10.6108
10.658
10.7049
10.7516
10.7981
10.8444
10.8905
10.9364
10.9821
11.0277
11.073
11.1182
11.1631
11.2079
11.2525
11.297
11.3412
11.3853
11.4292
11.473
11.5166
11.56
11.6032
11.6463
11.6892
11.732
11.7746
11.8171
11.8594
11.9016
11.9436
11.9854
12.0272
12.0687
12.1102
12.1515
12.1926
12.2336
12.2745
12.3152
12.3558
12.3963
12.4366
12.4768
12.5169
12.5568
12.5967
12.6364
12.6759
12.7154
12.7547
12.7939
12.833
12.8719
12.9108
12.9495
12.9881
13.0266
13.065
13.1033
13.1414
13.1795
13.2174
13.2552
13.293
13.3306
13.3681
13.4055
13.4428
13.48
13.5171
13.5541
13.5909
13.6277
13.6644
13.701
13.7375
13.7739
13.8102
13.8464
13.8825
13.9185
13.9545
13.9903
14.026
14.0617
14.0972
14.1327
14.1681
14.2034
14.2386
14.2737
14.3087
14.3437
14.3785
14.4133
14.448
14.4826
14.5171
14.5516
14.5859
14.6202
14.6544
14.6885
14.7226
14.7565
14.7904
14.8242
14.8579
14.8916
14.9252
14.9587
14.9921
15.0254
15.0587
15.0919
15.1251
15.1581
15.1911
15.224
15.2569
15.2896
15.3223
15.355
15.3875
15.42
15.4524
15.4848
15.5171
15.5493
15.5815
15.6136
15.6456
15.6775
15.7094
15.7413
15.773
15.8047
15.8364
15.8679
15.8994
15.9309
15.9623
15.9936
16.0249
16.0561
16.0872
16.1183
16.1493
16.1803
16.2112
16.242
16.2728
16.3035
16.3342
16.3648
16.3954
16.4259
16.4563
16.4867
16.517
16.5473
16.5775
16.6077
16.6378
16.6678
16.6978
16.7278
16.7576
16.7875
16.8173
16.847
16.8767
16.9063
16.9359
16.9654
16.9949
17.0243
17.0537
17.083
17.1123
17.1415
17.1706
17.1998
17.2288
17.2579
17.2868
17.3157
17.3446
17.3735
17.4022
17.431
17.4596
17.4883
17.5169
17.5454
17.5739
17.6024
17.6308
17.6591
17.6874
17.7157
17.7439
17.7721
17.8003
17.8283
17.8564
17.8844
17.9123
17.9403
17.9681
17.996
18.0237
18.0515
18.0792
18.1068
5.43205
6.93205
8.43205
9.93205
9.98239
10.0325
10.0823
10.1319
10.1813
10.2304
10.2792
10.3279
10.3763
10.4245
10.4724
10.5202
10.5677
10.615
10.6621
10.709
10.7557
10.8022
10.8485
10.8946
10.9405
10.9862
11.0317
11.077
11.1222
11.1671
11.2119
11.2565
11.3009
11.3451
11.3892
11.4331
11.4768
11.5204
11.5638
11.6071
11.6501
