4
5
6
7
8
9
10
11
12
13
14
15
16
17
18
19
20
21
22
23
24
25
26
27
28
29
30
31
32
33
34
35
36
37
38
39
40
41
42
43
44
45
46
47
48
49
50
51
52
53
54
55
56
57
58
59
60
61
62
63
64
65
66
67
68
69
70
71
72
73
74
75
76
77
78
79
80
81
82
83
84
85
86
87
88
89
90
91
92
93
94
95
96
97
98
99
100
101
102
103
104
105
106
107
108
109
110
111
112
113
114
115
116
117
118
119
120
121
122
123
124
125
126
127
128
129
130
131
132
133
134
135
136
137
138
139
140
141
142
143
144
145
146
147
148
149
150
151
152
153
154
155
156
157
158
159
160
161
162
163
164
165
166
167
168
169
170
171
172
173
174
175
176
177
178
179
180
181
182
183
184
185
186
187
188
189
190
191
192
193
194
195
196
197
198
199
200
201
202
203
204
205
206
207
208
209
210
211
212
213
214
215
216
217
218
219
220
221
222
223
224
225
226
227
228
229
230
231
232
233
234
235
236
237
238
239
240
72
73
74
75
76
77
78
79
80
81
82
83
84
85
86
87
88
89
90
91
92
93
94
95
96
97
98
99
100
101
102
103
104
105
106
107
108
109
110
111
112
113
114
115
116
117
118
119
120
121
121.008
121.017
121.025
121.033
121.041
121.05
121.058
121.066
121.074
121.083
121.091
121.099
121.107
121.116
121.124
121.132
121.14
121.149
121.157
121.165
121.173
121.182
121.19
121.198
121.206
121.215
121.223
121.231
121.239
121.248
121.256
121.264
121.272
121.281
121.289
121.297
121.305
121.314
121.322
121.33
121.338
121.347
121.355
121.363
36.4089
37.4089
38.4089
39.4089
40.4089
41.4089
42.4089
43.4089
44.4089
45.4089
46.4089
47.4089
48.4089
49.4089
50.4089
51.4089
52.4089
53.4089
54.4089
55.4089
56.4089
57.4089
58.4089
59.4089
17.8227
18.8227
19.8227
20.8227
21.8227
22.8227
23.8227
24.8227
25.8227
26.8227
27.8227
28.8227
29.8227
29.8562
29.8897
29.9232
29.9566
29.99
30.0233
30.0566
30.0899
30.1231
30.1563
30.1895
30.2226
30.2557
30.2887
30.3218
30.3547
30.3877
30.4206
30.4535
30.4863
30.5191
30.5519
30.5846
30.6173
30.65
30.6826
30.7152
30.7477
30.7803
30.8127
30.8452
30.8776
30.91
30.9424
30.9747
31.007
31.0392
31.0714
31.1036
31.1358
31.1679
31.2
31.232
31.264
31.296
31.328
31.3599
31.3918
31.4236
31.4555
31.4872
31.519
31.5507
31.5824
31.6141
31.6457
31.6773
31.7089
31.7404
31.7719
31.8034
31.8348
31.8663
31.8976
31.929
31.9603
31.9916
32.0229
32.0541
32.0853
32.1164
32.1476
32.1787
32.2098
32.2408
32.2718
32.3028
32.3338
32.3647
32.3956
32.4265
32.4573
32.4881
32.5189
32.5497
32.5804
32.6111
32.6417
32.6724
32.703
32.7336
32.7641
32.7946
32.8251
32.8556
32.886
32.9164
32.9468
32.9772
33.0075
33.0378
33.068
33.0983
33.1285
33.1587
33.1888
33.219
33.2491
33.2792
33.3092
33.3392
33.3692
33.3992
33.4291
33.459
33.4889
33.5188
33.5486
33.5784
33.6082
33.638
33.6677
33.6974
33.7271
33.7567
33.7863
33.8159
33.8455
33.8751
33.9046
33.9341
33.9635
33.993
34.0224
34.0518
34.0812
34.1105
34.1398
34.1691
34.1984
34.2276
34.2568
34.286
34.3152
34.3443
34.3735
34.4025
34.4316
34.4607
34.4897
34.5187
34.5476
34.5766
34.6055
34.6344
34.6633
34.6921
34.7209
34.7498
34.7785
34.8073
34.836
34.8647
34.8934
34.9221
34.9507
34.9793
35.0079
35.0365
35.065
35.0935
35.122
35.1505
35.1789
35.2074
35.2358
35.2641
35.2925
35.3208
35.3491
35.3774
35.4057
35.4339
35.4622
10.6387
11.6387
12.6387
13.6387
14.6387
15.6387
16.6387
17.6387
18.6387
18.6923
18.7458
18.7991
18.8523
5.6557
6.6557
7.6557
8.6557
9.6557
9.75927
9.86173
9.96314
10.0635
10.1629
10.2613
10.3587
10.4553
10.5509
10.6457
10.7396
10.8327
10.925
11.0166
11.1074
11.1974
11.2867
11.3753
11.4632
11.5504
11.637
11.7229
11.8082
11.8929
11.977
12.0605
12.1434
12.2258
12.3076
12.3888
12.4695
12.5497
12.6294
12.7086
12.7873
12.8655
12.9432
13.0205
13.0973
13.1736
13.2495
13.325
13.4001
13.4747
13.5489
13.6227
13.6961
13.7691
13.8418
13.914
13.9859
14.0574
14.1285
14.1993
14.2697
14.3398
14.4095
14.4789
14.548
14.6167
14.6851
14.7532
14.821
14.8885
14.9557
15.0225
15.0891
15.1554
15.2213
15.287
15.3525
15.4176
15.4825
15.547
15.6114
15.6754
15.7392
15.8027
15.866
15.9291
15.9918
16.0544
16.1167
16.1787
16.2405
16.3021
16.3634
16.4245
16.4854
16.5461
16.6065
16.6667
16.7267
16.7865
16.8461
16.9055
16.9646
17.0236
17.0823
17.1408
17.1992
17.2573
17.3153
17.373
17.4306
17.488
17.5451
17.6021
17.6589
17.7156
17.772
17.8283
17.8844
17.9403
17.996
5.39881
6.39881
7.39881
8.39881
9.39881
9.50521
9.61041
9.71446
9.8174
9.91926
2.97578
3.97578
4.97578
5.17675
5.36992
5.55615
5.73613
5.91046
6.07965
6.24414
6.40429
6.56043
6.71286
6.86183
7.00756
7.15026
7.29012
7.42729
7.56193
7.69417
7.82414
7.95195
8.07771
8.2015
8.32343
8.44357
8.56201
8.6788
8.79403
8.90774
9.02
9.13087
9.24038
9.34861
9.45557
9.56133
9.66592
9.76938
9.87174
9.97304
10.0733
10.1726
10.2709
10.3682
10.4647
10.5603
10.6549
10.7488
10.8418
3.25255
4.25255
5.25255
6.25255
6.41248
6.56843
6.72067
6.86947
7.01504
7.15759
7.2973
7.43434
7.56885
7.70097
7.83082
7.95853
8.08418
8.20788
8.32971
8.44976
8.56811
8.68482
8.79996
8.9136
9.02579
9.13658
9.24603
9.35419
9.46109
9.56679
9.67132
9.77471
9.87702
9.97826
10.0785
10.1777
10.276
10.3733
10.4697
10.5652
10.6598
10.7536
10.8466
10.9388
11.0303
11.1209
11.2108
11.3
11.3885
11.4763
11.5635
11.6499
11.7358
11.821
11.9056
11.9896
12.073
12.1558
12.2381
12.3198
12.401
12.4816
12.5617
12.6413
12.7204
12.7991
12.8772
12.9548
13.032
13.1088
13.185
13.2609
13.3363
13.4113
13.4858
13.56
13.6337
13.7071
13.78
13.8526
13.9248
13.9966
14.0681
14.1391
14.2099
14.2802
14.3503
14.42
14.4893
14.5583
14.627
14.6954
14.7634
14.8312
14.8986
14.9657
15.0325
15.0991
15.1653
15.2312
15.2969
15.3622
15.4273
15.4922
15.5567
15.621
15.685
15.7488
15.8123
15.8755
15.9385
16.0012
16.0637
16.126
16.188
16.2498
16.3113
16.3726
16.4337
16.4945
16.5552
16.6156
16.6758
16.7357
16.7955
16.855
16.9143
16.9735
17.0324
17.0911
17.1496
17.2079
17.266
17.3239
17.3817
17.4392
17.4965
17.5537
17.6107
17.6674
17.7241
17.7805
17.8367
17.8928
17.9487
18.0044
18.0599
18.1153
18.1705
18.2255
18.2804
18.3351
18.3896
18.444
18.4982
18.5523
18.6062
18.6599
18.7135
18.767
18.8203
18.8734
18.9264
18.9792
19.0319
19.0844
19.1368
19.1891
19.2412
19.2932
19.345
19.3967
19.4483
19.4997
19.551
19.6021
19.6531
19.704
19.7548
19.8054
19.8559
19.9062
19.9565
20.0066
20.0566
20.1064
20.1562
20.2058
20.2553
20.3046
20.3539
20.403
20.452
20.5009
20.5497
20.5984
20.6469
20.6953
20.7437
20.7919
20.84
6.25199
7.25199
8.25199
9.25199
10.252
11.252
11.3409
11.429
11.5165
11.6034
11.6895
11.7751
11.86
11.9443
12.0281
12.1112
12.1938
12.2758
12.3572
12.4382
12.5186
12.5984
12.6778
12.7567
12.8351
12.913
12.9904
13.0674
13.1439
13.22
13.2957
13.3709
13.4457
13.52
13.594
13.6676
13.7407
13.8135
13.8859
13.9579
14.0296
14.1008
14.1718
14.2423
14.3125
14.3824
14.4519
14.5211
14.59
14.6585
14.7268
14.7947
14.8622
14.9295
14.9965
15.0632
15.1296
15.1957
15.2615
15.327
15.3923
15.4572
15.5219
15.5863
15.6505
15.7144
15.778
15.8414
15.9045
15.9674
16.03
16.0924
16.1546
16.2165
16.2781
16.3396
16.4008
16.4617
16.5225
16.583
16.6433
16.7034
16.7633
16.8229
16.8824
16.9416
17.0006
17.0594
17.1181
17.1765
17.2347
17.2927
17.3505
17.4082
17.4656
17.5229
17.58
17.6368
17.6935
17.7501
17.8064
17.8625
17.9185
17.9743
18.03
18.0854
18.1407
18.1959
18.2508
18.3056
18.3602
18.4147
18.469
18.5231
18.5771
18.631
18.6846
18.7382
18.7915
18.8447
18.8978
18.9507
19.0035
19.0561
19.1086
19.1609
19.2131
19.2652
19.3171
19.3688
19.4205
19.472
19.5233
19.5745
19.6256
19.6766
19.7274
19.7781
19.8286
19.8791
19.9294
19.9796
20.0296
20.0795
20.1293
20.179
20.2286
20.278
20.3273
20.3765
20.4256
20.4746
20.5234
20.5721
20.6207
20.6692
20.7176
20.7659
20.814
20.8621
20.91
20.9578
21.0055
21.0532
21.1007
21.148
21.1953
21.2425
21.2896
21.3366
21.3834
21.4302
21.4769
21.5234
21.5699
21.6162
21.6625
21.7087
21.7547
21.8007
21.8466
21.8923
21.938
21.9836
22.0291
22.0745
22.1198
22.165
22.2101
22.2551
22.3001
22.3449
22.3897
22.4343
22.4789
22.5234
22.5678
22.6121
22.6563
22.7005
22.7445
22.7885
22.8324
22.8762
22.9199
22.9635
23.007
23.0505
23.0939
23.1372
23.1804
23.2236
23.2666
23.3096
23.3525
23.3953
23.4381
23.4807
23.5233
23.5658
23.6083
23.6506
23.6929
23.7351
23.7772
23.8193
23.8613
23.9032
23.945
23.9868
24.0285
24.0701
24.1116
24.1531
24.1945
24.2358
24.2771
24.3183
24.3594
24.4005
24.4415
24.4824
24.5232
24.564
24.6047
24.6453
24.6859
24.7264
24.7669
24.8072
24.8476
24.8878
24.928
24.9681
25.0081
25.0481
25.0881
25.1279
25.1677
25.2074
7.56223
8.56223
9.56223
10.5622
11.5622
12.5622
13.5622
13.636
13.7093
13.7822
13.8548
13.927
13.9988
14.0702
14.1413
14.212
14.2824
14.3524
14.4221
14.4914
14.5604
14.6291
14.6974
14.7655
14.8332
14.9006
14.9677
15.0345
15.1011
15.1673
15.2332
15.2989
15.3642
15.4293
15.4941
15.5587
15.6229
15.6869
15.7507
15.8142
15.8774
15.9404
16.0031
16.0656
16.1279
16.1899
16.2516
16.3132
16.3745
16.4355
16.4964
16.557
16.6174
16.6776
16.7375
16.7973
16.8568
16.9161
16.9753
17.0342
17.0929
17.1514
17.2097
17.2678
17.3257
17.3834
17.4409
5.23228
6.23228
7.23228
8.23228
9.23228
9.3406
9.44766
9.5535
9.65818
9.76172
9.86416
9.96553
10.0659
10.1652
10.2636
10.361
10.4575
10.5532
3.16595
4.16595
5.16595
6.16595
6.32813
6.48616
6.64033
6.79093
6.93818
7.08231
7.22351
7.36195
7.49778
7.63115
7.76219
7.89102
8.01775
8.14247
8.26529
8.38627
8.50552
8.62309
2.58693
3.58693
4.58693
4.80494
5.01306
5.21254
5.40438
5.58942
5.76833
5.94169
6.10999
6.27365
6.43305
6.5885
6.74028
6.88864
7.03381
7.17598
7.31533
7.45203
7.58622
7.71804
7.84761
7.97503
8.10042
8.22388
8.34547
8.4653
8.58343
8.69993
8.81487
8.92832
9.04032
9.15094
9.26022
9.3682
9.47495
9.58049
9.68487
9.78812
9.89029
9.9914
10.0915
10.1906
10.2887
10.3859
10.4822
10.5776
10.6721
10.7658
10.8587
10.9508
11.0421
11.1327
11.2225
11.3116
11.4
11.4877
11.5748
11.6612
11.7469
11.8321
11.9166
12.0005
12.0838
12.1666
12.2488
12.3304
12.4115
12.4921
12.5721
12.6517
12.7307
12.8093
12.8873
12.9649
13.0421
13.1187
13.195
13.2708
13.3461
13.421
13.4955
13.5696
13.6433
13.7166
13.7895
13.8621
13.9342
14.006
14.0774
14.1484
14.2191
14.2894
14.3594
14.429
14.4983
14.5673
14.636
14.7043
14.7723
14.84
14.9074
14.9744
15.0412
15.1077
15.1739
15.2398
15.3054
15.3708
15.4358
15.5006
15.5651
15.6294
15.6933
15.7571
15.8205
15.8837
15.9467
16.0094
16.0719
16.1341
16.1961
16.2578
16.3193
16.3806
16.4416
16.5025
16.5631
16.6234
16.6836
16.7435
16.8033
16.8628
16.9221
16.9812
17.0401
17.0987
17.1572
17.2155
17.2736
17.3315
17.3892
17.4467
17.504
17.5611
17.6181
17.6748
17.7314
17.7878
17.844
17.9001
17.9559
18.0116
18.0672
18.1225
18.1777
18.2327
18.2875
18.3422
18.3967
18.4511
18.5053
18.5593
18.6132
18.6669
18.7205
18.7739
18.8272
18.8803
18.9333
18.9861
19.0388
19.0913
19.1437
19.1959
19.248
19.3
19.3518
19.4034
19.455
19.5064
19.5576
19.6088
19.6598
19.7106
19.7614
19.812
19.8625
19.9128
19.963
20.0131
20.0631
20.1129
20.1626
20.2122
20.2617
20.3111
20.3603
20.4094
20.4584
20.5073
20.5561
20.6047
20.6532
20.7017
20.75
20.7982
20.8462
20.8942
20.9421
20.9898
21.0375
21.085
21.1324
21.1797
21.227
21.2741
21.3211
21.368
21.4148
21.4615
21.5081
21.5546
21.6009
21.6472
21.6934
21.7395
21.7855
21.8314
21.8772
21.923
6.57689
7.57689
8.57689
9.57689
10.5769
11.5769
11.6633
11.749
11.8341
11.9186
12.0025
12.0858
12.1686
12.2508
12.3324
12.4135
12.494
12.5741
12.6536
12.7326
12.8112
12.8892
12.9668
13.0439
13.1206
13.1968
13.2726
13.3479
13.4228
13.4973
13.5714
13.6451
13.7184
13.7913
13.8638
13.9359
14.0077
14.0791
14.1501
14.2208
14.2911
14.3611
14.4307
14.5
14.569
14.6376
14.7059
14.7739
4.43218
5.43218
6.43218
7.43218
7.56673
7.69889
7.82877
7.95651
8.08219
8.20592
8.32778
8.44786
8.56624
8.68297
8.79814
8.9118
9.02401
9.13483
9.2443
9.35247
9.4594
9.56511
9.66966
9.77308
9.8754
9.97666
10.0769
10.1761
10.2744
10.3717
10.4681
10.5637
10.6583
10.7522
3.22565
4.22565
5.22565
6.22565
6.38627
6.54286
6.6957
6.84505
6.99114
7.13418
7.27435
7.41182
7.54674
7.67924
7.80947
7.93751
8.0635
8.18751
8.30965
8.42999
8.54862
8.6656
8.78099
8.89488
9.0073
9.11832
9.22799
9.33636
9.44347
9.54936
9.65408
9.75766
9.86014
9.96156
10.0619
10.1613
10.2597
10.3572
10.4538
10.5494
10.6442
10.7382
10.8313
10.9236
11.0152
11.1059
11.196
11.2853
11.3739
11.4618
11.5491
11.6357
11.7216
11.8069
11.8916
11.9757
12.0592
12.1421
12.2245
12.3063
12.3876
12.4683
12.5485
12.6282
12.7074
12.7861
12.8643
12.942
13.0193
13.0961
13.1724
13.2484
13.3238
13.3989
13.4735
13.5477
13.6216
13.695
13.768
13.8406
13.9129
13.9847
14.0563
14.1274
14.1982
14.2686
14.3387
14.4084
14.4778
14.5469
14.6157
14.6841
14.7522
14.82
14.8874
14.9546
15.0215
15.0881
15.1543
15.2203
15.286
15.3514
15.4166
15.4814
15.546
15.6104
15.6744
15.7382
15.8018
15.865
15.9281
15.9909
16.0534
16.1157
16.1777
16.2396
16.3011
16.3625
16.4236
16.4845
16.5451
16.6056
16.6658
16.7258
16.7856
16.8452
16.9045
16.9637
17.0226
17.0814
17.1399
17.1983
17.2564
17.3144
17.3721
17.4297
17.4871
17.5442
17.6012
17.6581
17.7147
17.7711
17.8274
17.8835
17.9394
17.9952
18.0507
18.1061
18.1614
18.2164
18.2713
18.3261
18.3806
18.435
18.4893
18.5434
18.5973
18.6511
18.7047
18.7581
18.8114
18.8646
18.9176
18.9705
19.0232
19.0758
19.1282
19.1805
19.2326
19.2846
19.3364
19.3882
5.81645
6.81645
7.81645
8.81645
9.81645
9.91832
10.0191
10.1189
10.2178
10.3156
10.4126
10.5086
10.6038
10.6981
10.7916
10.8842
10.9761
11.0672
3.32016
4.32016
5.32016
6.32016
6.47839
6.63275
6.78351
6.93093
7.07521
7.21655
7.35512
7.49108
7.62457
7.75573
7.88466
8.01149
8.13631
8.25922
8.38029
8.49962
8.61727
8.73332
8.84782
8.96085
9.07244
9.18267
9.29157
9.39919
9.50558
9.61079
9.71484
9.81777
9.91963
10.0204
10.1202
10.219
10.3169
10.4138
10.5099
10.605
10.6993
10.7928
10.8854
10.9773
11.0684
11.1587
11.2483
11.3372
11.4255
11.513
11.5998
11.686
11.7716
11.8566
11.9409
12.0247
12.1078
12.1904
12.2724
12.3539
12.4349
12.5153
12.5952
12.6746
12.7535
12.8319
12.9098
12.9873
13.0643
13.1408
13.2169
13.2926
13.3678
13.4426
13.517
13.591
13.6646
13.7378
13.8105
13.883
13.955
14.0266
14.0979
14.1689
14.2394
14.3097
14.3796
14.4491
14.5183
14.5872
14.6557
14.724
14.7919
14.8595
14.9268
14.9938
15.0605
15.1269
15.193
15.2588
4.57764
5.57764
6.57764
7.57764
8.57764
8.69422
8.80924
8.92276
9.03483
9.14552
9.25486
9.36291
9.46971
9.57531
9.67975
9.78306
9.88528
9.98644
10.0866
10.1857
10.2839
10.3811
10.4775
10.5729
10.6675
10.7612
10.8542
10.9463
11.0376
3.31129
4.31129
5.31129
6.31129
6.46974
6.6243
6.77526
6.92286
7.06731
7.2088
7.34752
7.48362
7.61725
7.74853
7.87759
8.00453
8.12946
8.25247
8.37364
8.49307
8.61081
8.72694
8.84153
8.95463
9.06631
9.1766
9.28558
9.39327
9.49973
9.605
9.70911
9.81211
9.91402
10.0149
10.1147
10.2136
10.3115
10.4085
10.5046
10.5998
10.6941
10.7876
10.8803
10.9722
11.0634
11.1538
11.2434
11.3323
11.4206
11.5082
11.595
11.6813
11.7669
11.8519
11.9363
12.02
12.1032
12.1859
12.2679
12.3494
12.4304
12.5109
12.5908
12.6702
12.7491
12.8276
12.9055
12.983
13.06
13.1366
13.2127
13.2884
13.3637
13.4385
13.5129
13.5869
13.6605
13.7337
13.8065
13.879
13.951
14.0227
14.094
14.165
14.2356
14.3058
14.3757
14.4453
14.5145
4.35435
5.35435
6.35435
7.35435
7.49032
7.62383
7.75499
7.88394
8.01078
8.13561
8.25853
8.37962
8.49896
8.61662
8.73267
8.84718
8.96021
9.07182
9.18205
9.29096
9.39859
9.50499
9.6102
9.71425
9.81719
9.91906
10.0199
10.1197
10.2185
10.3164
10.4133
10.5093
10.6045
10.6988
10.7922
10.8849
10.9768
11.0679
11.1582
11.2478
11.3367
11.425
11.5125
11.5993
11.6856
11.7711
11.8561
11.9404
12.0242
12.1073
12.1899
12.272
12.3535
12.4344
12.5148
12.5947
12.6741
12.753
12.8315
12.9094
12.9868
13.0638
13.1404
13.2165
13.2922
13.3674
13.4422
13.5166
13.5906
13.6642
13.7373
13.8101
13.8825
13.9546
14.0262
14.0975
14.1685
14.239
14.3093
14.3792
14.4487
14.5179
14.5868
14.6554
14.7236
14.7915
14.8591
14.9264
14.9934
15.0601
15.1265
15.1926
15.2584
15.324
15.3892
15.4542
15.5189
15.5834
15.6475
15.7114
15.7751
15.8385
15.9016
15.9645
16.0271
16.0895
16.1517
16.2136
16.2753
16.3367
16.3979
16.4589
16.5197
16.5802
16.6405
16.7006
16.7605
16.8202
16.8796
16.9388
16.9979
17.0567
17.1153
17.1738
17.232
17.29
17.3479
17.4055
17.463
17.5202
17.5773
17.6342
17.6909
17.7474
17.8038
17.8599
17.9159
17.9718
18.0274
18.0829
18.1382
18.1933
18.2483
18.3031
18.3577
18.4122
18.4665
18.5206
18.5746
18.6285
18.6821
18.7357
18.789
18.8423
18.8953
18.9483
19.001
19.0537
19.1062
19.1585
19.2107
19.2627
19.3147
19.3664
19.4181
19.4696
19.5209
19.5722
19.6232
19.6742
19.725
19.7757
19.8263
19.8767
19.927
19.9772
20.0273
20.0772
20.127
20.1767
20.2263
20.2757
20.325
20.3742
20.4233
20.4723
20.5211
20.5699
20.6185
20.667
20.7154
20.7636
20.8118
20.8598
20.9078
20.9556
21.0033
21.0509
21.0984
21.1458
21.1931
21.2403
21.2874
21.3344
21.3812
21.428
21.4747
21.5213
21.5677
21.6141
21.6603
21.7065
21.7526
21.7986
21.8444
21.8902
21.9359
21.9815
22.027
22.0724
22.1177
6.6353
7.6353
8.6353
9.6353
10.6353
11.6353
11.7212
11.8066
11.8913
11.9754
12.0589
12.1418
12.2241
12.306
12.3872
12.4679
12.5482
12.6278
12.707
12.7857
12.8639
12.9417
13.0189
13.0958
13.1721
13.248
13.3235
13.3986
13.4732
13.5474
13.6212
13.6947
13.7677
13.8403
13.9126
13.9844
14.056
14.1271
14.1979
14.2683
14.3384
14.4081
14.4776
14.5466
14.6154
14.6838
14.7519
14.8197
14.8872
14.9543
15.0212
15.0878
15.1541
15.22
15.2857
15.3512
15.4163
15.4812
15.5458
15.6101
15.6742
15.738
15.8015
15.8648
15.9278
15.9906
16.0531
16.1154
16.1775
16.2393
16.3009
16.3622
16.4233
16.4842
16.5449
16.6053
16.6655
16.7256
16.7853
16.8449
16.9043
16.9634
17.0224
17.0811
17.1397
17.198
17.2562
17.3141
17.3719
17.4294
17.4868
17.544
17.601
17.6578
17.7144
17.7709
17.8272
17.8833
17.9392
17.9949
18.0505
18.1059
18.1611
18.2162
18.2711
18.3258
18.3804
18.4348
18.489
18.5431
18.5971
18.6508
18.7044
18.7579
18.8112
18.8644
18.9174
18.9702
19.023
19.0755
19.128
19.1802
19.2324
19.2844
19.3362
19.3879
19.4395
19.491
19.5423
19.5934
19.6445
19.6954
19.7461
19.7968
19.8473
19.8977
19.9479
19.9981
20.0481
20.098
20.1477
20.1974
20.2469
20.2963
20.3455
20.3947
20.4437
20.4926
20.5414
20.5901
20.6387
20.6871
20.7355
20.7837
20.8318
20.8798
20.9277
20.9755
21.0232
21.0707
21.1182
21.1655
21.2128
21.2599
21.307
21.3539
21.4007
21.4475
21.4941
21.5406
21.587
21.6333
21.6796
21.7257
21.7717
21.8177
21.8635
21.9092
21.9549
22.0004
22.0459
22.0912
22.1365
22.1817
22.2268
22.2718
22.3167
22.3615
22.4062
22.4508
22.4954
22.5398
22.5842
22.6285
22.6726
22.7167
22.7608
22.8047
22.8486
22.8923
22.936
22.9796
23.0231
23.0666
23.1099
23.1532
23.1964
23.2395
23.2825
23.3255
23.3683
23.4111
23.4538
23.4965
23.539
23.5815
23.6239
23.6663
23.7085
23.7507
23.7928
23.8348
23.8768
23.9187
23.9605
24.0022
24.0439
24.0855
24.127
24.1684
24.2098
24.2511
24.2923
24.3335
24.3746
24.4156
24.4566
24.4975
24.5383
24.579
24.6197
24.6604
24.7009
24.7414
24.7818
24.8222
24.8624
24.9027
24.9428
24.9829
25.0229
25.0629
25.1028
25.1426
25.1824
25.2221
25.2618
25.3014
25.3409
25.3803
25.4197
25.4591
25.4984
25.5376
25.5767
25.6158
25.6549
25.6939
25.7328
25.7716
25.8104
25.8492
25.8879
25.9265
25.9651
26.0036
26.042
26.0804
26.1188
26.1571
26.1953
26.2335
26.2716
26.3096
26.3477
26.3856
26.4235
26.4614
26.4991
26.5369
26.5746
26.6122
26.6498
26.6873
26.7248
26.7622
26.7996
26.8369
26.8741
26.9113
26.9485
26.9856
27.0227
27.0597
27.0966
27.1335
27.1704
27.2072
27.2439
27.2807
27.3173
27.3539
27.3905
27.427
27.4634
27.4999
27.5362
27.5725
27.6088
27.645
27.6812
27.7173
27.7534
27.7894
27.8254
27.8614
27.8972
27.9331
27.9689
28.0046
28.0404
28.076
28.1116
28.1472
28.1827
28.2182
28.2537
28.289
28.3244
28.3597
28.395
28.4302
28.4654
28.5005
28.5356
28.5706
28.6056
28.6406
28.6755
28.7104
28.7452
28.78
28.8147
28.8494
28.8841
28.9187
28.9533
28.9878
29.0223
29.0568
29.0912
29.1256
29.1599
29.1942
29.2285
29.2627
29.2968
29.331
29.3651
29.3991
29.4331
29.4671
29.5011
29.535
29.5688
29.6026
8.88079
9.88079
10.8808
11.8808
12.8808
13.8808
14.8808
14.948
15.0149
15.0815
15.1478
15.2138
15.2795
15.345
15.4102
15.475
15.5397
15.604
15.6681
15.7319
15.7955
15.8588
15.9219
15.9847
16.0472
16.1095
16.1716
16.2335
16.2951
16.3564
16.4176
16.4785
16.5392
16.5996
16.6599
16.7199
16.7797
16.8393
16.8987
16.9579
17.0168
17.0756
17.1342
17.1925
17.2507
17.3086
17.3664
17.424
17.4814
17.5386
17.5956
17.6525
5.29574
6.29574
7.29574
8.29574
9.29574
9.40331
9.50966
9.61481
9.71882
9.82171
9.92353
10.0243
10.1241
10.2228
10.3207
10.4175
10.5135
10.6087
10.7029
10.7963
10.889
10.9808
11.0719
11.1622
11.2518
11.3407
11.4288
11.5163
11.6032
11.6893
11.7749
11.8598
11.9441
12.0279
12.111
12.1936
12.2756
12.357
12.438
12.5184
12.5983
12.6776
12.7565
12.8349
12.9128
12.9903
13.0672
13.1438
13.2198
13.2955
13.3707
13.4455
13.5199
13.5938
13.6674
13.7406
13.8133
13.8857
13.9578
14.0294
14.1007
14.1716
14.2422
14.3124
14.3822
14.4518
14.521
14.5898
14.6584
14.7266
14.7945
14.8621
14.9294
14.9964
15.063
15.1294
15.1955
15.2613
15.3269
15.3921
15.4571
15.5218
15.5862
15.6504
15.7142
15.7779
15.8413
15.9044
15.9673
16.0299
16.0923
16.1544
16.2163
16.278
16.3394
16.4006
16.4616
16.5223
16.5829
16.6432
16.7033
16.7631
16.8228
16.8822
16.9415
17.0005
17.0593
17.1179
17.1763
17.2346
17.2926
17.3504
17.408
17.4655
17.5227
17.5798
17.6367
17.6934
17.7499
17.8063
17.8624
17.9184
17.9742
18.0298
18.0853
18.1406
18.1957
18.2507
18.3055
18.3601
18.4146
18.4689
18.523
18.577
18.6308
18.6845
18.738
18.7914
18.8446
18.8977
18.9506
19.0034
19.056
19.1085
19.1608
19.213
19.265
19.3169
19.3687
19.4203
19.4718
19.5232
19.5744
19.6255
19.6765
19.7273
19.778
19.8285
19.879
19.9293
19.9794
20.0295
20.0794
20.1292
20.1789
20.2285
20.2779
20.3272
20.3764
20.4255
20.4744
20.5233
20.572
20.6206
20.6691
20.7175
20.7658
20.8139
20.862
20.9099
20.9577
21.0054
21.053
21.1005
21.1479
21.1952
21.2424
21.2895
21.3364
21.3833
21.4301
21.4767
21.5233
21.5698
21.6161
21.6624
21.7086
21.7546
21.8006
21.8465
21.8922
21.9379
21.9835
22.029
22.0744
22.1197
22.1649
22.21
22.255
22.3
22.3448
22.3896
22.4342
22.4788
22.5233
22.5677
22.612
22.6562
22.7004
22.7444
22.7884
22.8323
22.876
22.9198
22.9634
23.0069
23.0504
23.0938
23.1371
23.1803
23.2235
23.2665
23.3095
23.3524
23.3952
23.438
23.4806
23.5232
23.5657
23.6082
23.6505
23.6928
23.735
23.7771
23.8192
23.8612
23.9031
23.9449
23.9867
24.0284
24.07
24.1115
24.153
24.1944
24.2357
24.277
24.3182
24.3593
24.4004
24.4414
24.4823
24.5231
24.5639
24.6046
24.6452
24.6858
24.7263
24.7668
24.8072
24.8475
24.8877
24.9279
24.968
25.0081
25.048
25.088
25.1278
25.1676
25.2074
25.247
25.2866
25.3262
25.3657
7.6097
8.6097
9.6097
10.6097
11.6097
12.6097
13.6097
13.6832
13.7563
13.829
13.9013
13.9732
14.0448
14.116
14.1868
14.2573
14.3274
14.3972
14.4667
14.5358
14.6046
14.6731
14.7412
14.8091
14.8766
14.9438
15.0107
15.0774
15.1437
15.2097
15.2755
15.3409
15.4061
15.471
15.5357
15.6
15.6641
15.728
