1
2
3
4
5
6
7
8
9
10
11
12
13
14
15
16
17
18
19
20
21
22
23
24
25
26
27
28
29
30
31
32
33
34
35
36
37
38
39
40
41
42
43
44
45
46
47
48
49
50
51
52
53
54
55
56
57
58
59
60
61
62
63
64
65
66
67
68
69
70
71
72
73
74
75
76
77
78
79
80
81
82
83
84
85
86
87
88
89
90
91
92
93
94
95
96
97
98
99
100
101
102
103
104
105
106
107
108
109
110
111
112
113
114
115
116
117
118
119
120
121
122
123
124
125
126
127
128
129
130
131
132
133
134
135
136
137
138
139
140
141
142
143
144
145
146
147
148
149
150
151
152
153
154
155
156
157
158
159
160
161
162
163
164
165
166
167
168
169
170
171
172
173
174
175
176
177
178
179
180
181
182
183
184
185
186
187
188
189
190
191
192
193
194
195
196
197
198
199
200
201
202
203
204
205
206
207
208
209
210
211
212
213
214
215
216
217
218
219
220
221
222
223
224
225
226
227
228
229
230
231
232
233
234
235
236
237
71.1
72.1
73.1
74.1
75.1
76.1
77.1
78.1
79.1
80.1
81.1
82.1
83.1
84.1
85.1
86.1
87.1
88.1
89.1
90.1
91.1
92.1
93.1
94.1
95.1
96.1
97.1
98.1
99.1
100.1
101.1
102.1
103.1
104.1
105.1
106.1
107.1
108.1
109.1
110.1
111.1
112.1
113.1
114.1
115.1
116.1
117.1
118.1
119.1
119.104
119.108
119.113
119.117
119.121
119.125
119.129
119.134
119.138
119.142
119.146
119.15
119.155
119.159
119.163
119.167
119.171
119.176
119.18
119.184
119.188
119.192
119.197
119.201
119.205
119.209
119.213
119.217
119.222
119.226
119.23
119.234
119.238
119.243
119.247
119.251
119.255
119.259
119.264
119.268
119.272
119.276
119.28
119.285
119.289
35.7866
36.7866
37.7866
38.7866
39.7866
40.7866
41.7866
42.7866
43.7866
44.7866
45.7866
46.7866
47.7866
48.7866
49.7866
50.7866
51.7866
52.7866
53.7866
54.7866
55.7866
56.7866
57.7866
58.7866
17.636
18.636
19.636
20.636
21.636
22.636
23.636
24.636
25.636
26.636
27.636
28.636
29.636
29.6529
29.6697
29.6866
29.7034
29.7203
29.7371
29.7539
29.7707
29.7875
29.8043
29.821
29.8378
29.8546
29.8713
29.8881
29.9048
29.9215
29.9382
29.9549
29.9716
29.9883
30.005
30.0216
30.0383
30.0549
30.0716
30.0882
30.1048
30.1214
30.138
30.1546
30.1712
30.1878
30.2043
30.2209
30.2374
30.254
30.2705
30.287
30.3035
30.32
30.3365
30.353
30.3695
30.3859
30.4024
30.4188
30.4353
30.4517
30.4681
30.4845
30.5009
30.5173
30.5337
30.5501
30.5664
30.5828
30.5991
30.6155
30.6318
30.6481
30.6645
30.6808
30.6971
30.7133
30.7296
30.7459
30.7622
30.7784
30.7947
30.8109
30.8271
30.8433
30.8596
30.8758
30.892
30.9081
30.9243
30.9405
30.9566
30.9728
30.9889
31.0051
31.0212
31.0373
31.0534
31.0695
31.0856
31.1017
31.1178
31.1338
31.1499
31.166
31.182
31.198
31.2141
31.2301
31.2461
31.2621
31.2781
31.2941
31.3101
31.326
31.342
31.3579
31.3739
31.3898
31.4057
31.4217
31.4376
31.4535
31.4694
31.4853
31.5011
31.517
31.5329
31.5487
31.5646
31.5804
31.5963
31.6121
31.6279
31.6437
31.6595
31.6753
31.6911
31.7069
31.7226
31.7384
31.7542
31.7699
31.7856
31.8014
31.8171
31.8328
31.8485
31.8642
31.8799
31.8956
31.9113
31.9269
31.9426
31.9582
31.9739
31.9895
32.0052
32.0208
32.0364
32.052
32.0676
32.0832
32.0988
32.1144
32.1299
32.1455
32.161
32.1766
32.1921
32.2077
32.2232
32.2387
32.2542
32.2697
32.2852
32.3007
32.3162
32.3316
32.3471
32.3626
32.378
32.3935
32.4089
32.4243
32.4397
32.4552
32.4706
32.486
32.5014
32.5167
32.5321
32.5475
32.5628
32.5782
32.5935
9.77806
10.7781
11.7781
12.7781
13.7781
14.7781
15.7781
16.7781
16.8079
16.8376
16.8673
16.897
16.9265
5.07796
6.07796
7.07796
8.07796
9.07796
9.13304
9.18779
9.24221
9.29631
9.35009
9.40357
9.45674
9.50961
9.56219
9.61448
9.66648
9.71821
9.76966
9.82084
9.87175
9.9224
9.97279
10.0229
10.0728
10.1225
10.1718
10.221
10.2699
10.3186
10.3671
10.4153
10.4633
10.5111
10.5587
10.606
10.6532
10.7001
10.7468
10.7933
10.8397
10.8858
10.9317
10.9775
11.023
11.0684
11.1135
11.1585
11.2033
11.248
11.2924
11.3367
11.3808
11.4247
11.4685
11.5121
11.5555
11.5988
11.6419
11.6849
11.7276
11.7703
11.8128
11.8551
11.8973
11.9393
11.9812
12.0229
12.0645
12.1059
12.1472
12.1884
12.2294
12.2703
12.3111
12.3517
12.3921
12.4325
12.4727
12.5128
12.5528
12.5926
12.6323
12.6719
12.7113
12.7507
12.7899
12.829
12.868
12.9068
12.9455
12.9842
13.0227
13.0611
13.0994
13.1375
13.1756
13.2135
13.2514
13.2891
13.3267
13.3643
13.4017
13.439
13.4762
13.5133
13.5503
13.5872
13.624
13.6607
13.6973
13.7338
13.7702
13.8065
13.8427
13.8788
13.9149
13.9508
13.9866
14.0224
14.058
4.21741
5.21741
6.21741
7.21741
7.28669
7.35531
7.42329
7.49064
7.55739
7.62355
2.28707
3.28707
4.28707
4.4037
4.51724
4.62792
4.73596
4.84154
4.94481
5.04593
5.14502
5.2422
5.33758
5.43125
5.52331
5.61384
5.7029
5.79058
5.87693
5.96201
6.04587
6.12857
6.21016
6.29067
6.37015
6.44864
6.52618
6.60279
6.67852
6.75339
6.82742
6.90066
6.97311
7.04482
7.11579
7.18606
7.25564
7.32455
7.39281
7.46045
7.52747
7.59389
7.65973
7.72501
7.78973
7.85392
7.91758
7.98073
8.04338
2.41302
3.41302
4.41302
4.52632
4.63678
4.74461
4.85
4.95309
5.05404
5.15297
5.25
5.34524
5.43878
5.53071
5.62112
5.71007
5.79763
5.88387
5.96885
6.05262
6.13523
6.21672
6.29715
6.37655
6.45497
6.53243
6.60897
6.68462
6.75942
6.83339
6.90656
6.97896
7.0506
7.12152
7.19173
7.26125
7.33011
7.39832
7.4659
7.53287
7.59925
7.66505
7.73028
7.79496
7.8591
7.92272
7.98583
8.04844
8.11057
8.17222
8.2334
8.29413
8.35441
8.41426
8.47368
8.53269
8.59129
8.64948
8.70729
8.76471
8.82176
8.87844
8.93476
8.99072
9.04633
9.1016
9.15654
9.21114
9.26542
9.31939
9.37304
9.42638
9.47943
9.53217
9.58463
9.63679
9.68868
9.74028
9.79162
9.84268
9.89348
9.94402
9.9943
10.0443
10.0941
10.1436
10.1929
10.242
10.2908
10.3394
10.3878
10.4359
10.4838
10.5315
10.579
10.6262
10.6733
10.7201
10.7668
10.8132
10.8595
10.9055
10.9513
10.997
11.0425
11.0877
11.1328
11.1778
11.2225
11.267
11.3114
11.3556
11.3996
11.4435
11.4872
11.5307
11.5741
11.6173
11.6603
11.7032
11.7459
11.7885
11.8309
11.8732
11.9153
11.9573
11.9991
12.0407
12.0823
12.1236
12.1649
12.206
12.247
12.2878
12.3285
12.369
12.4095
12.4497
12.4899
12.5299
12.5698
12.6096
12.6493
12.6888
12.7282
12.7675
12.8066
12.8457
12.8846
12.9234
12.9621
13.0007
13.0391
13.0775
13.1157
13.1538
13.1919
13.2298
13.2676
13.3052
13.3428
13.3803
13.4177
13.4549
13.4921
13.5291
13.5661
13.603
13.6397
13.6764
13.7129
13.7494
13.7858
13.822
13.8582
13.8943
13.9303
13.9662
14.002
14.0377
14.0733
14.1088
14.1443
14.1796
14.2149
14.25
14.2851
14.3201
14.355
14.3899
14.4246
14.4593
14.4939
14.5284
14.5628
14.5971
14.6314
14.6655
14.6996
14.7337
14.7676
4.43028
5.43028
6.43028
7.43028
7.49757
7.56426
7.63036
7.69588
7.76085
7.82528
7.88918
7.95255
8.01543
8.07781
8.1397
8.20113
8.2621
8.32262
8.38269
8.44234
8.50157
8.56038
8.61879
8.6768
8.73442
8.79167
8.84854
8.90505
8.9612
9.01699
9.07244
9.12755
9.18233
9.23679
9.29092
9.34473
9.39824
9.45144
9.50434
9.55695
9.60927
9.6613
9.71305
9.76453
9.81574
9.86668
9.91735
9.96777
10.0179
10.0678
10.1175
10.1669
10.2161
10.265
10.3138
10.3622
10.4105
10.4585
10.5063
10.5539
10.6013
10.6485
10.6954
10.7422
10.7887
10.835
10.8812
10.9271
10.9729
11.0185
11.0638
11.109
11.154
11.1989
11.2435
11.288
11.3323
11.3764
11.4204
11.4641
11.5078
11.5512
11.5945
11.6376
11.6806
11.7234
11.766
11.8085
11.8509
11.8931
11.9351
11.977
12.0187
12.0603
12.1018
12.1431
12.1843
12.2253
12.2662
12.307
12.3476
12.3881
12.4285
12.4687
12.5088
12.5488
12.5886
12.6283
12.6679
12.7074
12.7467
12.786
12.8251
12.8641
12.9029
12.9417
12.9803
13.0188
13.0572
13.0955
13.1337
13.1718
13.2097
13.2476
13.2853
13.323
13.3605
13.3979
13.4353
13.4725
13.5096
13.5466
13.5835
13.6203
13.657
13.6936
13.7301
13.7666
13.8029
13.8391
13.8752
13.9113
13.9472
13.9831
14.0188
14.0545
14.0901
14.1255
14.1609
14.1963
14.2315
14.2666
14.3017
14.3366
14.3715
14.4063
14.441
14.4756
14.5102
14.5446
14.579
14.6133
14.6475
14.6816
14.7157
14.7497
14.7836
14.8174
14.8511
14.8848
14.9184
14.9519
14.9853
15.0187
15.052
15.0852
15.1184
15.1514
15.1844
15.2174
15.2502
15.283
15.3157
15.3484
15.381
15.4135
15.4459
15.4783
15.5106
15.5428
15.575
15.6071
15.6391
15.6711
15.703
15.7348
15.7666
15.7983
15.83
15.8616
15.8931
15.9245
15.9559
15.9873
16.0186
16.0498
16.0809
16.112
16.143
16.174
16.2049
16.2358
16.2666
16.2973
16.328
16.3586
16.3892
16.4197
16.4501
16.4805
16.5109
16.5412
16.5714
16.6016
16.6317
16.6617
16.6918
16.7217
16.7516
16.7815
16.8113
16.841
16.8707
16.9003
16.9299
16.9594
16.9889
17.0184
17.0477
17.0771
17.1063
17.1356
17.1647
17.1939
17.223
17.252
17.281
17.3099
17.3388
17.3676
17.3964
17.4252
17.4539
17.4825
17.5111
17.5397
17.5682
17.5966
17.625
17.6534
5.29602
6.29602
7.29602
8.29602
9.29602
9.34981
9.40328
9.45646
9.50933
9.56191
9.6142
9.66621
9.71793
9.76939
9.82057
9.87148
9.92213
9.97252
10.0227
10.0725
10.1222
10.1716
10.2207
10.2697
10.3183
10.3668
10.415
10.463
10.5108
10.5584
10.6058
10.6529
10.6998
10.7466
10.7931
10.8394
10.8855
10.9315
10.9772
11.0228
11.0681
11.1133
11.1583
11.2031
11.2477
11.2922
11.3365
11.3806
11.4245
11.4683
11.5119
11.5553
11.5986
11.6417
11.6846
11.7274
11.7701
11.8125
11.8549
11.897
11.9391
11.9809
12.0227
12.0643
12.1057
12.147
12.1882
3.65645
4.65645
5.65645
6.65645
6.73157
6.80585
6.87931
6.95199
7.02392
7.0951
7.16557
7.23535
7.30446
7.37291
7.44072
7.50792
7.57452
7.64053
2.29216
3.29216
4.29216
4.40865
4.52206
4.63263
4.74056
4.84603
4.94921
5.05024
5.14924
5.24635
5.34165
5.43525
5.52725
5.61771
5.70671
5.79433
5.88062
5.96564
6.04946
6.13211
1.83963
2.83963
3.83963
3.96985
4.0958
4.21788
4.33642
4.45172
4.56404
4.67359
4.78058
4.88517
4.98752
5.08777
5.18604
5.28245
5.37711
5.47009
5.5615
5.6514
5.73988
5.82699
5.9128
5.99736
6.08073
6.16295
6.24408
6.32416
6.40322
6.48131
6.55845
6.63469
6.71005
6.78457
6.85826
6.93117
7.00331
7.0747
7.14538
7.21535
7.28465
7.35329
7.42128
7.48866
7.55542
7.6216
7.6872
7.75225
7.81674
7.88071
7.94416
8.0071
8.06954
8.1315
8.19299
8.25402
8.31459
8.37473
8.43443
8.49371
8.55258
8.61104
8.66911
8.72678
8.78408
8.841
8.89756
8.95375
9.00959
9.06509
9.12025
9.17507
9.22956
9.28374
9.3376
9.39114
9.44438
9.49733
9.54997
9.60233
9.6544
9.70619
9.7577
9.80894
9.85992
9.91063
9.96108
10.0113
10.0612
10.1109
10.1604
10.2096
10.2586
10.3073
10.3558
10.4041
10.4521
10.5
10.5476
10.595
10.6422
10.6892
10.736
10.7825
10.8289
10.8751
10.921
10.9668
11.0124
11.0578
11.103
11.1481
11.1929
11.2376
11.2821
11.3264
11.3706
11.4145
11.4583
11.502
11.5454
11.5887
11.6319
11.6749
11.7177
11.7604
11.8029
11.8452
11.8875
11.9295
11.9714
12.0132
12.0548
12.0963
12.1376
12.1788
12.2199
12.2608
12.3016
12.3422
12.3827
12.4231
12.4634
12.5035
12.5435
12.5833
12.6231
12.6627
12.7022
12.7415
12.7808
12.8199
12.8589
12.8978
12.9365
12.9752
13.0137
13.0521
13.0905
13.1286
13.1667
13.2047
13.2426
13.2803
13.318
13.3555
13.393
13.4303
13.4675
13.5046
13.5417
13.5786
13.6154
13.6521
13.6888
13.7253
13.7617
13.7981
13.8343
13.8704
13.9065
13.9424
13.9783
14.0141
14.0497
14.0853
14.1208
14.1562
14.1916
14.2268
14.2619
14.297
14.332
14.3669
14.4017
14.4364
14.471
14.5056
14.54
14.5744
14.6087
14.643
14.6771
14.7112
14.7452
14.7791
14.8129
14.8466
14.8803
14.9139
14.9475
14.9809
15.0143
15.0476
15.0808
15.114
15.147
15.1801
15.213
15.2459
15.2787
15.3114
15.344
15.3766
15.4091
15.4416
15.474
15.5063
15.5385
15.5707
15.6028
15.6349
4.69046
5.69046
6.69046
7.69046
8.69046
8.74799
8.80515
8.86193
8.91835
8.97442
9.03013
9.0855
9.14054
9.19524
9.24961
9.30367
9.35741
9.41085
9.46398
9.51681
9.56935
9.6216
9.67356
9.72525
9.77666
9.8278
9.87868
9.92929
9.97965
10.0298
10.0796
10.1292
10.1786
10.2277
10.2766
10.3252
10.3737
10.4219
10.4698
10.5176
10.5651
10.6125
10.6596
10.7065
10.7532
10.7997
10.846
10.8921
3.26762
4.26762
5.26762
6.26762
6.3474
6.42617
6.50398
6.58085
6.65683
6.73194
6.80621
6.87968
6.95235
7.02427
7.09545
7.16592
7.2357
7.3048
7.37325
7.44106
7.50825
7.57485
7.64086
7.70629
7.77117
7.83552
7.89933
7.96262
8.02542
8.08772
8.14954
8.21089
8.27179
8.33224
2.49967
3.49967
4.49967
4.61079
4.71923
4.82518
4.9288
5.03025
5.12965
5.22712
5.32277
5.41671
5.50902
5.59978
5.68907
5.77695
5.86351
5.94878
6.03283
6.11571
6.19747
6.27814
6.35779
6.43643
6.51411
6.59087
6.66673
6.74173
6.8159
6.88925
6.96183
7.03365
7.10474
7.17511
7.2448
7.31381
7.38218
7.44991
7.51702
7.58354
7.64947
7.71483
7.77964
7.84392
7.90766
7.97089
8.03362
8.09586
8.15762
8.21891
8.27974
8.34013
8.40008
8.45961
8.51871
8.5774
8.6357
8.6936
8.75111
8.80825
8.86501
8.92141
8.97746
9.03315
9.0885
9.14352
9.1982
9.25256
9.3066
9.36032
9.41374
9.46686
9.51967
9.57219
9.62443
9.67638
9.72805
9.77945
9.83058
9.88144
9.93204
9.98238
10.0325
10.0823
10.1319
10.1812
10.2304
10.2792
10.3279
10.3763
10.4245
10.4724
10.5202
10.5677
10.615
10.6621
10.709
10.7557
10.8022
10.8485
10.8946
10.9405
10.9862
11.0317
11.077
11.1221
11.1671
11.2119
11.2565
11.3009
11.3451
11.3892
11.4331
11.4768
11.5204
11.5638
11.607
11.6501
11.693
11.7358
11.7784
11.8209
11.8632
11.9053
11.9473
11.9892
12.0309
12.0724
12.1138
12.1551
12.1962
12.2372
12.2781
12.3188
12.3594
12.3999
12.4402
12.4804
12.5204
12.5604
12.6002
12.6399
12.6794
12.7189
12.7582
12.7974
12.8364
12.8754
12.9142
12.9529
12.9915
13.03
13.0684
13.1067
13.1448
13.1828
13.2208
13.2586
13.2963
13.3339
13.3714
13.4088
13.4461
13.4833
13.5204
13.5573
13.5942
13.631
13.6677
13.7043
13.7407
13.7771
4.13314
5.13314
6.13314
7.13314
7.20323
7.27265
7.3414
7.40951
7.47699
7.54386
7.61014
7.67584
7.74098
7.80557
7.86963
7.93316
7.99619
8.05872
2.41762
3.41762
4.41762
4.5308
4.64115
4.74889
4.85417
4.95718
5.05804
5.15689
5.25385
5.34902
5.4425
5.53437
5.62471
5.7136
5.80111
5.8873
5.97223
6.05595
6.13852
6.21997
6.30036
6.37972
6.45809
6.53551
6.61202
6.68764
6.7624
6.83634
6.90948
6.98184
7.05346
7.12434
7.19453
7.26402
7.33286
7.40104
7.4686
7.53555
7.6019
7.66767
7.73288
7.79754
7.86166
7.92526
7.98835
8.05094
8.11305
8.17468
8.23584
8.29655
8.35682
8.41665
8.47606
8.53505
8.59363
8.65181
8.7096
8.76701
8.82404
8.8807
8.93701
8.99295
9.04855
9.10381
9.15873
9.21332
9.26759
9.32155
9.37518
9.42852
9.48155
9.53428
9.58672
9.63888
9.69075
9.74235
9.79367
9.84472
9.89551
9.94604
9.99631
10.0463
10.0961
10.1456
10.1949
10.2439
10.2928
10.3413
10.3897
10.4378
10.4857
10.5334
10.5809
10.6281
10.6752
10.722
10.7686
10.8151
3.24452
4.24452
5.24452
6.24452
6.32459
6.40365
6.48173
6.55887
6.6351
6.71046
6.78497
6.85866
6.93156
7.00369
7.07509
7.14576
7.21573
7.28502
7.35365
7.42165
7.48902
7.55578
7.62196
7.68756
7.7526
7.81709
7.88105
7.9445
8.00743
2.40223
3.40223
4.40223
4.51581
4.62653
4.7346
4.84021
4.94351
5.04465
5.14377
5.24097
5.33637
5.43007
5.52215
5.6127
5.70178
5.78947
5.87584
5.96093
6.04481
6.12752
6.20912
6.28965
6.36915
6.44765
6.5252
6.60182
6.67756
6.75244
6.82648
6.89973
6.9722
7.04391
7.11489
7.18517
7.25476
7.32368
7.39195
7.45959
7.52662
7.59305
7.6589
7.72418
7.78891
7.85311
7.91678
7.97993
8.04259
8.10476
8.16645
8.22768
8.28845
8.34877
8.40866
8.46812
8.52717
8.5858
8.64404
8.70188
8.75934
8.81642
8.87314
8.92949
8.98548
9.04113
9.09643
9.1514
9.20603
9.26034
9.31434
9.36802
9.42139
9.47446
9.52724
9.57972
9.63191
9.68382
9.73545
9.78681
9.8379
9.88873
9.93929
9.98959
10.0396
10.0894
10.139
10.1883
10.2374
10.2862
3.08587
4.08587
5.08587
6.08587
6.16803
6.24909
6.3291
6.4081
6.48613
6.56322
6.6394
6.71471
6.78917
6.86282
6.93567
7.00776
7.07911
7.14974
7.21968
7.28893
7.35753
7.42549
7.49282
7.55955
7.62569
7.69126
7.75627
7.82074
7.88467
7.94808
8.01099
8.0734
8.13534
8.1968
8.2578
8.31834
8.37845
8.43813
8.49738
8.55623
8.61466
8.6727
8.73036
8.78763
8.84453
8.90106
8.95723
9.01305
9.06853
9.12366
9.17847
9.23294
9.28709
9.34093
9.39446
9.44768
9.50061
9.55323
9.60557
9.65763
9.7094
9.76089
9.81212
9.86308
9.91377
9.96421
10.0144
10.0643
10.114
10.1634
10.2126
10.2616
10.3103
10.3588
10.4071
10.4551
10.5029
10.5505
10.5979
10.6451
10.6921
10.7389
10.7854
10.8318
10.8779
10.9239
10.9697
11.0152
11.0606
11.1058
11.1509
11.1957
11.2404
11.2848
11.3292
11.3733
11.4173
11.461
11.5047
11.5481
11.5914
11.6346
11.6775
11.7204
11.763
11.8055
11.8479
11.8901
11.9321
11.974
12.0158
12.0574
12.0989
12.1402
12.1814
12.2224
12.2633
12.3041
12.3447
12.3852
12.4256
12.4659
12.506
12.5459
12.5858
12.6255
12.6651
12.7046
12.744
12.7832
12.8223
12.8613
12.9002
12.9389
12.9776
13.0161
13.0545
13.0928
13.131
13.1691
13.2071
13.2449
13.2827
13.3203
13.3579
13.3953
13.4326
13.4698
13.507
13.544
13.5809
13.6177
13.6544
13.691
13.7276
13.764
13.8003
13.8365
13.8727
13.9087
13.9447
13.9805
14.0163
14.052
14.0875
14.123
14.1584
14.1938
14.229
14.2641
14.2992
14.3341
14.369
14.4038
14.4385
14.4732
14.5077
14.5422
14.5766
14.6109
14.6451
14.6792
14.7133
14.7473
14.7812
14.815
14.8487
14.8824
14.916
14.9495
14.983
15.0164
15.0496
15.0829
15.116
15.1491
15.1821
15.215
15.2479
15.2807
15.3134
15.3461
15.3786
15.4112
15.4436
15.476
15.5083
15.5405
15.5727
15.6048
15.6369
15.6688
15.7007
15.7326
15.7644
15.7961
15.8277
15.8593
15.8909
15.9223
15.9537
4.78612
5.78612
6.78612
7.78612
8.78612
8.84302
8.89957
8.95575
9.01158
9.06706
9.12221
9.17702
9.2315
9.28566
9.33951
9.39305
9.44628
9.49921
9.55184
9.60419
9.65625
9.70803
9.75953
9.81077
9.86173
9.91243
9.96287
10.0131
10.063
10.1127
10.1621
10.2113
10.2603
10.309
10.3575
10.4058
10.4538
10.5017
10.5493
10.5967
10.6439
10.6908
10.7376
10.7842
10.8305
10.8767
10.9227
10.9685
11.014
11.0594
11.1046
11.1497
11.1945
11.2392
11.2837
11.328
11.3721
11.4161
11.4599
11.5035
11.547
11.5903
11.6334
11.6764
11.7192
11.7619
11.8044
11.8468
11.889
11.931
11.9729
12.0147
12.0563
12.0978
12.1391
12.1803
12.2213
12.2623
12.303
12.3437
12.3842
12.4246
12.4648
12.5049
12.5449
12.5847
12.6245
12.6641
12.7036
12.7429
12.7822
12.8213
12.8603
12.8992
12.9379
12.9766
13.0151
13.0535
13.0918
13.13
13.1681
13.2061
13.2439
13.2817
13.3193
13.3569
13.3943
13.4316
13.4688
13.506
13.543
13.5799
13.6167
13.6535
13.6901
13.7266
13.763
13.7993
13.8356
13.8717
13.9078
13.9437
13.9796
14.0153
14.051
14.0866
14.1221
14.1575
14.1928
14.228
14.2632
14.2982
14.3332
14.3681
14.4029
14.4376
14.4722
14.5068
14.5413
14.5756
14.6099
14.6442
14.6783
14.7124
14.7464
14.7803
14.8141
14.8479
14.8815
14.9151
14.9486
14.9821
15.0155
15.0488
15.082
15.1151
15.1482
15.1812
15.2142
15.247
15.2798
15.3125
15.3452
15.3778
15.4103
15.4427
15.4751
15.5074
15.5397
15.5719
15.604
15.636
15.668
15.6999
15.7317
15.7635
15.7952
15.8269
15.8585
15.89
15.9215
15.9529
15.9842
16.0155
16.0467
16.0779
16.109
16.14
16.171
16.2019
16.2328
16.2636
16.2943
16.325
16.3556
16.3862
16.4167
16.4472
16.4776
16.5079
16.5382
16.5685
16.5986
16.6288
16.6588
16.6888
16.7188
16.7487
16.7786
16.8084
16.8381
16.8678
16.8974
16.927
16.9566
16.9861
17.0155
17.0449
17.0742
17.1035
17.1327
17.1619
17.191
17.2201
17.2492
17.2782
17.3071
17.336
17.3648
17.3936
17.4224
17.4511
17.4797
17.5083
17.5369
17.5654
17.5939
17.6223
17.6506
17.679
17.7073
17.7355
17.7637
17.7918
17.8199
17.848
17.876
17.904
17.9319
17.9598
17.9876
18.0154
18.0432
18.0709
18.0986
18.1262
18.1538
18.1813
18.2088
18.2363
18.2637
18.2911
18.3184
18.3457
18.373
18.4002
18.4273
18.4545
18.4816
18.5086
18.5356
18.5626
18.5895
18.6164
18.6433
18.6701
18.6969
18.7236
18.7503
18.777
18.8036
18.8302
18.8568
18.8833
18.9098
18.9362
18.9626
18.989
19.0153
19.0416
19.0679
19.0941
19.1203
19.1464
19.1725
19.1986
19.2247
19.2507
19.2767
19.3026
19.3285
19.3544
19.3802
19.406
19.4318
19.4575
19.4832
19.5089
19.5345
19.5601
19.5856
19.6112
19.6367
19.6621
19.6876
19.713
19.7383
19.7636
19.7889
19.8142
19.8394
19.8647
19.8898
19.915
19.9401
19.9651
19.9902
20.0152
20.0402
20.0651
20.09
20.1149
20.1398
20.1646
20.1894
20.2142
20.2389
20.2636
20.2883
20.3129
20.3376
20.3621
20.3867
20.4112
20.4357
20.4602
20.4846
20.509
20.5334
20.5578
20.5821
20.6064
20.6306
20.6549
20.6791
20.7033
20.7274
20.7515
20.7756
20.7997
20.8237
20.8477
20.8717
20.8957
20.9196
20.9435
20.9674
20.9912
21.0151
21.0388
21.0626
21.0864
21.1101
21.1337
21.1574
21.181
6.35431
7.35431
8.35431
9.35431
10.3543
11.3543
11.3983
11.4422
11.4859
11.5294
11.5728
11.616
11.6591
11.7019
11.7447
11.7872
11.8297
11.8719
11.914
11.956
11.9978
12.0395
12.081
12.1224
12.1637
12.2048
12.2457
12.2866
12.3273
12.3678
12.4083
12.4486
12.4887
12.5288
12.5687
12.6084
12.6481
12.6876
12.727
12.7663
12.8055
12.8445
12.8835
12.9223
12.961
12.9995
13.038
13.0764
13.1146
13.1527
13.1907
13.2286
3.96859
4.96859
5.96859
6.96859
7.04034
7.11136
7.18167
7.25129
7.32025
7.38855
7.45622
7.52328
7.58974
7.65562
7.72093
7.78569
7.84991
7.91361
7.97679
8.03947
8.10166
8.16338
8.22463
8.28542
8.34577
8.40568
8.46516
8.52423
8.58288
8.64114
8.699
8.75648
8.81358
8.87031
8.92668
8.98269
9.03835
9.09367
9.14866
9.20331
9.25764
9.31165
9.36534
9.41873
9.47182
9.52461
9.5771
9.62931
9.68123
9.73288
9.78425
9.83535
9.88619
9.93677
9.98709
10.0372
10.087
10.1365
10.1859
10.2349
10.2838
10.3324
10.3808
10.429
10.4769
10.5246
10.5722
10.6194
10.6665
10.7134
10.7601
10.8065
10.8528
10.8989
10.9448
10.9904
11.0359
11.0812
11.1264
11.1713
11.2161
11.2606
11.305
11.3493
11.3933
11.4372
11.4809
11.5245
11.5679
11.6111
11.6542
11.6971
11.7398
11.7824
11.8248
11.8671
11.9092
11.9512
11.9931
12.0348
12.0763
12.1177
12.159
12.2001
12.2411
12.2819
12.3226
12.3632
12.4036
12.444
12.4841
12.5242
12.5641
12.6039
12.6436
12.6831
12.7225
12.7618
12.801
12.8401
12.879
12.9178
12.9566
12.9951
13.0336
13.072
13.1102
13.1484
13.1864
13.2243
13.2621
13.2998
13.3374
13.3749
13.4123
13.4496
13.4867
13.5238
13.5608
13.5977
13.6344
13.6711
13.7077
13.7442
13.7805
13.8168
13.853
13.8891
13.9251
13.961
13.9968
14.0325
14.0682
14.1037
14.1392
14.1745
14.2098
14.245
14.2801
14.3151
14.35
14.3849
14.4196
14.4543
14.4889
14.5234
14.5578
14.5922
14.6264
14.6606
14.6947
14.7288
14.7627
14.7966
14.8304
14.8641
14.8977
14.9313
14.9648
14.9982
15.0315
15.0648
15.098
15.1311
15.1641
15.1971
15.23
15.2628
15.2956
15.3283
15.3609
15.3935
15.4259
15.4584
15.4907
15.523
15.5552
15.5873
15.6194
15.6514
15.6834
15.7152
15.7471
15.7788
15.8105
15.8421
15.8737
15.9052
15.9366
15.968
15.9993
16.0306
16.0618
16.0929
16.124
16.155
16.1859
16.2168
16.2476
16.2784
16.3091
16.3398
16.3704
16.4009
16.4314
16.4618
16.4922
16.5225
16.5528
16.583
16.6131
16.6432
16.6733
16.7033
16.7332
16.7631
16.7929
16.8227
16.8524
16.8821
16.9117
16.9413
16.9708
17.0002
17.0297
17.059
17.0883
17.1176
17.1468
17.176
17.2051
17.2341
17.2631
17.2921
17.321
17.3499
17.3787
17.4075
17.4362
17.4649
17.4935
17.5221
17.5506
17.5791
17.6076
17.6359
17.6643
17.6926
17.7209
17.7491
17.7773
17.8054
17.8335
17.8615
17.8895
17.9174
17.9453
17.9732
18.001
18.0288
18.0565
18.0842
18.1119
5.43356
6.43356
7.43356
8.43356
9.43356
9.48656
9.53927
9.59169
9.64381
9.69566
9.74723
9.79853
9.84955
9.90032
9.95082
10.0011
10.0511
10.1008
10.1503
10.1996
10.2486
10.2974
10.3459
10.3943
10.4424
10.4902
10.5379
10.5854
10.6326
10.6796
10.7264
10.7731
10.8195
10.8657
10.9117
10.9575
11.0031
11.0486
11.0938
